1
1
1
0
1
0
1
1
1
1
1
1
1
1
1
1
1
1
1
1
1
1
1
1
1
1
1
1
1
1
1
1
1
1
1
1
1
0
1
1
1
1
1
1
1
0
1
1
1
1
1
1
1
1
1
1
1
1
1
1
1
1
0
0
1
0
1
1
0
1
1
1
1
1
1
1
1
1
1
1
1
1
1
1
1
1
1
1
1
1
0
1
1
1
1
1
1
1
1
1
1
1
1
1
1
1
1
1
1
1
1
1
1
1
1
1
1
1
1
1
1
1
1
1
0
1
1
1
1
0
1
1
1
0
1
1
1
1
1
1
1
1
1
1
1
0
1
1
1
1
0
0
1
1
1
1
0
1
1
1
1
1
1
1
1
0
0
1
1
1
1
1
1
1
1
1
0
1
0
0
1
1
1
1
1
1
1
1
1
1
1
0
0
1
1
1
0
1
1
1
1
1
1
1
1
1
1
1
1
0
1
0
1
1
1
1
1
0
1
1
1
1
1
1
1
1
0
1
1
1
1
1
1
1
1
1
1
1
1
1
0
1
1
1
1
1
1
1
1
1
1
1
1
1
1
1
1
1
1
1
0
0
0
1
1
0
1
1
1
0
0
0
1
1
1
1
1
1
0
0
1
1
1
1
1
1
1
0
1
1
1
1
1
1
1
1
0
1
1
1
1
1
1
1
1
1
1
1
1
1
1
1
0
1
1
1
1
1
1
1
1
1
1
1
1
1
1
1
1
1
0
0
0
1
1
1
1
1
0
1
1
1
1
1
1
0
1
1
1
1
1
1
0
1
1
1
1
1
1
1
1
1
0
1
1
1
1
0
1
1
1
1
1
0
0
1
1
1
1
0
1
1
0
1
1
1
1
1
1
1
1
1
1
1
1
1
1
0
1
0
1
1
1
1
1
1
1
1
1
1
0
1
1
1
1
0
1
0
1
1
1
1
1
1
0
1
1
1
1
0
1
1
0
1
1
1
1
1
1
1
1
1
0
1
1
1
1
1
1
1
1
0
1
1
1
1
1
1
1
1
1
1
0
1
1
1
1
1
1
1
1
1
1
1
0
0
1
1
0
0
1
1
1
1
1
1
1
1
1
1
1
1
1
1
1
1
1
1
1
1
1
1
1
1
1
1
1
1
1
1
1
1
1
1
1
1
0
1
1
0
1
0
1
1
1
1
1
1
1
1
0
1
1
1
1
0
1
1
1
0
1
1
1
1
1
1
1
1
1
1
1
1
1
1
1
1
1
1
1
1
1
1
1
1
1
1
1
1
1
1
0
0
1
1
1
0
1
1
1
1
0
1
1
1
1
1
0
1
1
1
1
1
1
1
1
1
1
1
0
1
1
1
0
1
1
1
1
1
0
1
1
1
1
1
1
1
1
1
1
1
1
0
1
1
1
1
1
1
0
0
1
0
1
1
1
1
1
0
1
1
1
1
1
1
1
1
1
1
1
1
1
0
1
1
1
1
1
1
1
1
1
0
1
1
0
1
1
0
1
0
1
1
1
0
0
1
1
1
0
0
1
1
0
1
1
1
1
0
1
0
1
1
1
1
0
1
0
1
1
1
1
0
1
1
1
1
1
1
1
1
0
1
1
1
1
1
1
0
1
1
1
1
1
1
0
1
0
0
1
1
1
1
1
1
1
1
1
1
0
1
1
1
1
1
1
1
1
1
1
1
1
1
0
1
1
1
0
1
1
1
1
1
1
1
0
1
0
1
1
0
1
1
1
1
1
1
1
1
1
1
0
0
1
1
1
1
1
1
0
0
1
1
0
1
1
1
1
1
1
1
1
1
0
1
1
1
1
1
1
0
0
1
1
1
0
1
0
1
0
1
0
1
1
1
1
1
1
1
1
1
0
1
1
1
1
1
1
0
1
0
1
0
1
1
1
1
1
1
0
0
1
0
1
1
1
0
1
0
0
1
0
0
1
1
1
0
0
0
0
1
1
1
1
1
1
1
1
1
0
1
0
1
1
1
1
1
1
1
1
0
0
1
1
1
0
1
1
1
1
1
1
1
1
1
1
1
1
0
1
1
1
1
1
0
1
1
1
1
1
1
1
1
1
1
1
1
1
1
1
1
1
1
0
1
1
0
1
1
0
1
1
1
1
1
1
1
1
1
1
1
1
1
0
0
1
1
0
1
1
1
-128
-128
-128
-128
-128
-128
-128
-128
-75
-128
94
-128
-41
-128
-16
-128
-128
-128
-128
-128
-128
-128
-128
-128
112
127
-128
-128
-123
-128
-128
-128
1
1
1
1
0
1
1
1
95
-128
101
-128
103
-64
104
-50
103
-50
100
-57
97
-64
93
-63
92
-128
92
-128
88
-128
53
-128
-4
-128
-56
-128
-91
-128
-111
-128
-122
-128
-126
-67
-127
-51
-128
-50
-125
-56
-122
-64
-120
-63
-118
-128
-117
-128
-105
-128
-54
-128
3
-128
49
-128
77
-128
93
-128
100
-128
103
-70
103
-51
102
-50
100
-56
97
-63
93
-63
93
-128
93
-128
89
-128
55
-128
-4
-128
-54
-128
-89
-128
-109
-128
-121
-128
-126
-72
-128
-50
-127
-48
-124
-55
-122
-64
-120
-64
-119
-120
-118
-128
-107
-128
-62
-128
-1
-128
48
-128
76
-128
92
-128
99
-128
102
-77
103
-52
103
-50
101
-55
97
-63
94
-64
93
-108
92
-128
89
-128
58
-128
5
-128
-51
-128
-90
-128
-109
-128
-120
-128
-125
-81
-127
-52
-127
-50
-126
-54
-123
-62
-120
-64
-119
-98
-118
-128
-107
-128
-61
-128
-3
-128
41
-128
74
-128
92
-128
99
-128
102
-85
103
-53
103
-50
101
-54
98
-62
94
-63
93
-90
93
-128
90
-128
59
-128
1
-128
-48
-128
-83
-128
-108
-128
-120
-128
-125
-89
-127
-52
-126
-49
-125
-53
-123
-61
-120
-64
-119
-85
-118
-128
-109
-128
-62
-128
-3
-128
45
-128
74
-128
90
-128
99
-128
103
-94
104
-54
103
-51
101
-53
97
-60
94
-63
93
-77
92
-128
89
-128
60
-128
0
-128
-52
-128
-88
-128
-107
-128
-118
-128
-124
-101
-128
-55
-127
-50
-125
-52
-122
-60
-120
-63
-119
-72
-119
-128
-109
-128
-64
-128
-3
-128
46
-128
75
-128
91
-128
99
-128
101
-109
103
-56
103
-50
101
-52
98
-58
94
-64
93
-68
93
-128
91
-128
62
-128
5
-128
-48
-128
-88
-128
-109
-128
-119
-128
-124
-115
-126
-55
-126
-49
-125
-51
-123
-59
-120
-65
-119
-66
-118
-128
-110
-128
-64
-128
-5
-128
42
-128
74
-128
92
-128
100
-128
103
-123
103
-58
103
-51
101
-51
98
-58
95
-64
93
-65
93
-128
91
-128
62
-128
2
-128
-48
-128
-85
-128
-108
-128
-120
-128
-126
-128
-128
-61
-127
-50
-124
-51
-122
-58
-120
-64
-119
-64
-118
-128
-111
-128
-66
-128
-5
-128
46
-128
75
-128
91
-128
99
-128
103
-128
103
-62
103
-50
101
-51
98
-57
95
-63
93
-64
93
-128
91
-128
65
-128
6
-128
-48
-128
-89
-128
-109
-128
-119
-128
-125
-128
-128
-64
-127
-49
-125
-49
-122
-56
-119
-64
-118
-64
-118
-128
-111
-128
-70
-128
-10
-128
41
-128
75
-128
93
-128
101
-128
103
-128
104
-67
103
-51
101
-51
98
-56
94
-63
93
-63
93
-128
91
-128
65
-128
9
-128
-44
-128
-85
-128
-108
-128
-121
-128
-126
-128
-128
-70
-127
-51
-126
-50
-123
-56
-120
-63
-119
-63
-118
-126
-111
-128
-69
-128
-10
-128
38
-128
71
-128
90
-128
99
-128
103
-128
103
-74
103
-52
101
-49
98
-55
95
-63
94
-63
93
-116
91
-128
67
-128
10
-128
-42
-128
-82
-128
-106
-128
-119
-128
-125
-128
-128
-77
-128
-50
-126
-48
-123
-54
-120
-63
-119
-64
-119
-107
-112
-128
-74
-128
-13
-128
41
-128
72
-128
90
-128
99
-128
102
-128
103
-82
104
-52
101
-50
99
-54
95
-62
93
-64
93
-96
92
-128
67
-128
17
-128
-40
-128
-84
-128
-107
-128
-119
-128
-125
-128
-128
-86
-127
-51
-126
-50
-124
-53
-120
-62
-119
-63
-119
-89
-113
-128
-73
-128
-15
-128
33
-128
69
-128
91
-128
99
-128
102
-128
103
-91
104
-53
102
-49
99
-53
95
-61
93
-63
93
-81
93
-128
68
-128
14
-128
-38
-128
-76
-128
-104
-128
-119
-128
-125
-128
-128
-96
-127
-53
-125
-48
-124
-53
-121
-61
-119
-63
-118
-76
-113
-128
-74
-128
-14
-128
36
-128
69
-128
89
-128
99
-128
103
-128
105
-101
104
-55
102
-50
99
-51
95
-59
93
-63
93
-71
92
-128
69
-128
12
-128
-43
-128
-82
-128
-104
-128
-116
-128
-124
-128
-128
-110
-128
-56
-125
-50
-123
-51
-121
-58
-120
-63
-119
-68
-114
-128
-75
-128
-15
-128
38
-128
71
-128
90
-128
98
-128
101
-128
103
-118
104
-58
102
-51
99
-52
95
-58
94
-63
93
-65
93
-128
70
-128
18
-128
-39
-128
-83
-128
-107
-128
-118
-128
-124
-128
-126
-126
-127
-59
-126
-49
-124
-50
-121
-58
-119
-64
-118
-64
-115
-128
-75
-128
-15
-128
34
-128
70
-128
91
-128
99
-128
102
-128
103
-128
103
-61
101
-51
99
-51
95
-57
94
-63
93
-64
93
-128
70
-128
13
-128
-41
-128
-80
-128
-105
-128
-119
-128
-125
-128
-128
-128
-127
-63
-125
-50
-123
-50
-121
-57
-120
-63
-119
-63
-114
-128
-77
-128
-15
-128
38
-128
71
-128
89
-128
98
-128
102
-128
104
-128
103
-65
102
-50
99
-50
96
-56
94
-63
93
-63
93
-128
71
-128
17
-128
-40
-128
-84
-128
-107
-128
-119
-128
-124
-128
-128
-128
-128
-67
-126
-50
-124
-49
-120
-56
-119
-64
-118
-63
-114
-128
-78
-128
-19
-128
35
-128
71
-128
92
-128
101
-128
104
-128
104
-128
104
-71
102
-51
99
-50
95
-55
93
-64
93
-63
92
-122
71
-128
19
-128
-38
-128
-80
-128
-106
-128
-120
-128
-125
-128
-128
-128
-128
-75
-128
102
-68
99
-59
96
-56
94
-55
94
-57
93
-58
73
-128
23
-128
-35
-128
-79
-128
-105
-128
-118
-128
-124
-128
-127
-128
-127
-128
-126
-61
-124
-49
-121
-50
-120
-58
-119
-64
-116
-64
-80
-128
-21
-128
30
-128
68
-128
89
-128
98
-128
103
-128
104
-128
104
-128
102
-63
99
-52
96
-54
94
-59
93
-65
93
-63
73
-128
19
-128
-36
-128
-77
-128
-103
-128
-119
-128
-125
-128
-128
-128
-127
-128
-126
-66
-124
-51
-121
-51
-119
-58
-119
-64
-115
-63
-82
-128
-21
-128
35
-128
69
-128
88
-128
98
-128
102
-128
103
-128
103
-128
101
-68
99
-53
96
-51
94
-55
93
-65
93
-63
74
-128
22
-128
-36
-128
-80
-128
-104
-128
-117
-128
-125
-128
-128
-128
-128
-128
-127
-70
-124
-49
-120
-49
-119
-56
-118
-64
-115
-64
-84
-126
-25
-128
30
-128
69
-128
90
-128
99
-128
103
-128
105
-128
104
-128
103
-74
99
-51
96
-50
93
-55
93
-63
93
-64
74
-116
25
-128
-32
-128
-78
-128
-105
-128
-119
-128
-125
-128
-127
-128
-128
-128
-126
-77
-124
-51
-121
-49
-119
-54
-118
-63
-116
-63
-82
-106
-25
-128
27
-128
66
-128
87
-128
98
-128
103
-128
103
-128
103
-128
101
-81
99
-51
96
-49
93
-54
93
-61
93
-63
76
-99
24
-128
-31
-128
-75
-128
-101
-128
-117
-128
-125
-128
-128
-128
-128
-128
-126
-85
-124
-49
-121
-46
-120
-52
-119
-62
-116
-64
-87
-92
-28
-128
29
-128
66
-128
87
-128
97
-128
102
-128
103
-128
105
-128
102
-88
99
-52
96
-49
93
-53
93
-60
93
-62
76
-85
30
-128
-30
-128
-77
-128
-102
-128
-116
-128
-124
-128
-127
-128
-128
-128
-127
-93
-125
-52
-121
-49
-120
-53
-119
-60
-117
-64
-86
-80
-29
-128
21
-128
63
-128
87
-128
97
-128
102
-128
103
-128
104
-128
102
-99
100
-54
97
-49
95
-52
93
-60
94
-64
77
-74
28
-128
-27
-128
-68
-128
-100
-128
-117
-128
-123
-128
-127
-128
-127
-128
-126
-105
-124
-54
-122
-49
-120
-53
-118
-60
-117
-65
-86
-72
-29
-128
25
-128
63
-128
83
-128
97
-128
103
-128
104
-128
104
-128
102
-111
99
-57
95
-50
93
-52
93
-59
92
-64
77
-67
26
-128
-31
-128
-74
-128
-100
-128
-114
-128
-123
-128
-127
-128
-128
-128
-126
-120
-124
-58
-121
-50
-120
-51
-120
-58
-117
-64
-87
-65
-29
-128
28
-128
66
-128
86
-128
97
-128
101
-128
103
-128
104
-128
102
-128
100
-60
96
-51
94
-51
93
-58
93
-63
79
-65
32
-128
-28
-128
-75
-128
-102
-128
-117
-128
-123
-128
-126
-128
-128
-128
-127
-128
-124
-60
-121
-49
-120
-51
-119
-57
-117
-65
-89
-65
-31
-128
22
-128
63
-128
86
-128
97
-128
101
-128
103
-128
103
-128
101
-128
99
-64
96
-51
94
-50
93
-57
93
-64
79
-64
30
-128
-28
-128
-71
-128
-101
-128
-117
-128
-124
-128
-127
-128
-127
-128
-126
-128
-124
-66
-121
-51
-120
-51
-119
-58
-117
-65
-90
-65
-31
-128
26
-128
65
-128
85
-128
97
-128
102
-128
103
-128
104
-128
102
-128
99
-71
96
-53
94
-51
93
-57
93
-65
81
-66
33
-128
-27
-128
-74
-128
-101
-128
-116
-128
-124
-128
-127
-128
-128
-128
-127
-128
-124
-71
-120
-51
-119
-51
-118
-58
-117
-67
-93
-67
-37
-127
21
-128
63
-128
88
-128
98
-128
103
-128
104
-128
105
-128
103
-128
100
-77
96
-53
93
-52
93
-58
93
-65
81
-66
36
-116
-22
-128
-70
-128
-100
-128
-117
-128
-124
-128
-127
-128
-128
-128
-127
-128
-125
-81
-122
-54
-120
-51
-118
-56
-117
-64
-94
-65
-38
-106
18
-128
59
-128
84
-128
97
-128
102
-128
103
-128
103
-128
102
-128
100
-83
97
-54
94
-52
93
-55
93
-63
83
-65
37
-96
-20
-128
-66
-128
-98
-128
-115
-128
-124
-128
-128
-128
-128
-128
-127
-128
-125
-88
-122
-52
-120
-49
-119
-53
-117
-63
-96
-65
-40
-90
19
-128
59
-128
82
-128
95
-128
101
-128
103
-128
104
-128
103
-128
100
-92
97
-54
93
-50
93
-54
93
-61
84
-64
44
-82
-17
-128
-67
-128
-97
-128
-113
-128
-122
-128
-126
-128
-128
-128
-128
-128
-125
-96
-122
-54
-120
-49
-119
-52
-118
-60
-98
-63
-45
-76
8
-128
55
-128
82
-128
95
-128
101
-128
103
-128
104
-128
103
-128
100
-102
97
-55
94
-50
93
-52
93
-59
86
-63
44
-71
-12
-128
-58
-128
-95
-128
-114
-128
-123
-128
-126
-128
-128
-128
-127
-128
-125
-107
-122
-55
-120
-49
-118
-52
-118
-59
-100
-64
-45
-68
11
-128
54
-128
78
-128
94
-128
102
-128
104
-128
104
-128
103
-128
101
-114
97
-57
94
-49
93
-50
93
-57
86
-62
44
-64
-15
-128
-61
-128
-93
-128
-109
-128
-121
-128
-126
-128
-128
-128
-127
-128
-125
-122
-122
-58
-121
-49
-120
-50
-119
-57
-101
-62
-46
-63
11
-128
55
-128
80
-128
93
-128
99
-128
102
-128
104
-128
103
-128
101
-128
97
-58
94
-49
93
-49
93
-56
87
-62
49
-62
-11
-128
-63
-128
-95
-128
-113
-128
-121
-128
-125
-128
-128
-128
-127
-128
-125
-128
-122
-60
-120
-47
-119
48
-128
75
-128
92
-128
100
-128
103
-128
105
-128
103
-128
101
-128
98
-92
95
-54
93
-50
93
-53
90
-61
61
-63
1
-81
-55
-128
-90
-128
-109
-128
-120
-128
-126
-128
-128
-128
-128
-128
-126
-128
-123
-97
-120
-54
-120
-51
-119
-53
-108
-60
-63
-63
-8
-76
45
-128
76
-128
92
-128
99
-128
103
-128
104
-128
103
-128
101
-128
98
-103
95
-56
94
-50
93
-52
91
-59
61
-64
6
-70
-43
-128
-86
-128
-109
-128
-120
-128
-125
-128
-128
-128
-127
-128
-126
-128
-124
-111
-120
-56
-119
-49
-119
-52
-110
-60
-65
-64
-7
-69
41
-128
71
-128
92
-128
101
-128
103
-128
105
-128
104
-128
102
-128
99
-118
95
-58
93
-51
92
-52
90
-59
61
-64
3
-65
-48
-128
-85
-128
-105
-128
-119
-128
-126
-128
-128
-128
-127
-128
-125
-128
-123
-127
-121
-60
-120
-51
-119
-51
-110
-58
-65
-64
-4
-64
45
-128
74
-128
91
-128
98
-128
102
-128
104
-128
103
-128
101
-128
98
-128
95
-62
93
-52
93
-51
92
-57
65
-64
7
-63
-48
-128
-87
-128
-108
-128
-119
-128
-124
-128
-127
-128
-128
-128
-126
-128
-123
-128
-121
-63
-120
-49
-119
-50
-113
-57
-69
-65
-11
-65
41
-128
74
-128
92
-128
99
-128
102
-128
103
-128
104
-128
102
-128
99
-128
95
-67
93
-52
93
-51
91
-57
66
-64
9
-63
-43
-128
-84
-128
-108
-128
-120
-128
-126
-128
-128
-128
-127
-128
-125
-128
-123
-128
-121
-69
-119
-51
-119
-50
-112
-56
-70
-64
-7
-64
41
-128
72
-128
91
-128
100
-128
103
-128
103
-128
103
-128
101
-128
99
-128
95
-72
93
-52
93
-51
92
-56
68
-63
11
-64
-46
-124
-85
-128
-106
-128
-119
-128
-125
-128
-128
-128
-128
-128
-126
-128
-123
-128
-120
-75
-120
-51
-118
-50
-113
-56
-75
-64
-14
-65
39
-115
74
-128
92
-128
100
-128
103
-128
105
-128
104
-128
102
-128
99
-128
95
-80
93
-53
93
-51
92
-55
70
-63
15
-64
-41
-103
-84
-128
-108
-128
-120
-128
-125
-128
-128
-128
-128
-128
-126
-128
-124
-128
-121
-83
-119
-53
-119
-50
-114
-55
-76
-63
-18
-64
35
-97
70
-128
90
-128
99
-128
102
-128
103
-128
103
-128
101
-128
99
-128
95
-87
94
-54
93
-50
93
-54
71
-62
19
-64
-36
-89
-80
-128
-105
-128
-120
-128
-126
-128
-128
-128
-128
-128
-126
-128
-125
-128
-121
-91
-120
-52
-119
-49
-115
-53
-79
-62
-19
-64
33
-83
68
-128
88
-128
98
-128
103
-128
104
-128
104
-128
102
-128
99
-128
96
-96
94
-55
93
-50
93
-53
74
-61
21
-63
-37
-76
-79
-128
-103
-128
-117
-128
-124
-128
-128
-128
-128
-128
-127
-128
-124
-128
-121
-101
-120
-55
-119
-51
-116
-51
-83
-59
-29
-64
28
-72
67
-128
88
-128
98
-128
102
-128
103
-128
104
-128
103
-128
100
-128
97
-107
94
-56
93
-51
94
-52
75
-59
26
-63
-27
-69
-74
-128
-102
-128
-117
-128
-124
-128
-128
-128
-128
-128
-127
-128
-125
-128
-122
-114
-120
-56
-119
-49
-116
-51
-85
-59
-27
-65
27
-68
62
-128
87
-128
99
-128
103
-128
105
-128
104
-128
102
-128
99
-128
96
-120
94
-59
93
-51
93
-52
75
-59
25
-64
-30
-65
-72
-128
-98
-128
-115
-128
-124
-128
-127
-128
-128
-128
-126
-128
-124
-128
-121
-126
-120
-59
-119
-50
-117
-52
-85
-58
-26
-65
29
-64
65
-128
85
-128
95
-128
101
-128
103
-128
103
-128
102
-128
100
-128
97
-128
94
-61
94
-50
93
-51
78
-58
29
-64
-31
-63
-75
-128
-101
-128
-115
-128
-122
-128
-127
-128
-128
-128
-126
-128
-124
-128
-121
-128
-120
-60
-119
-49
-117
-50
-88
-58
-31
-64
25
-64
66
-128
87
-128
97
-128
101
-128
103
-128
104
-128
102
-128
99
-128
96
-128
94
-63
93
-50
93
-50
79
-57
30
-63
-26
-63
-73
-128
-102
-128
-117
-128
-124
-128
-127
-128
-127
-128
-126
-128
-124
-128
-121
-128
-120
-64
-118
-50
-117
-49
-89
-57
-29
-63
26
-63
62
-128
86
-128
97
-128
102
-128
103
-128
103
-128
102
-128
99
-128
97
-128
94
-65
93
-51
94
-50
80
-57
31
-63
-30
-62
-73
-128
-99
-128
-117
-128
-124
-128
-128
-128
-128
-128
-126
-128
-124
-128
-121
-128
-120
-67
-118
-49
-117
-49
-92
-57
-34
-64
25
-63
66
-128
87
-128
97
-128
103
-128
104
-128
104
-128
102
-128
100
-128
96
-128
93
-69
93
-51
93
-50
81
-55
34
-63
-26
-63
-73
-128
-103
-128
-117
-128
-123
-128
-127
-128
-128
-128
-127
-128
-125
-128
-121
-128
-119
-70
-119
-51
-117
-49
-92
-55
-37
-63
20
-64
62
-126
85
-128
98
-128
102
-128
103
-128
103
-128
102
-128
100
-128
97
-128
94
-73
93
-50
93
-50
82
-55
36
-62
-20
-63
-68
-120
-99
-128
-117
-128
-125
-128
-128
-128
-128
-128
-127
-128
-125
-128
-122
-128
-120
-74
-119
-50
-117
-48
-95
-55
-36
-64
19
-64
59
-116
84
-128
97
-128
102
-128
104
-128
105
-128
102
-128
100
-128
96
-128
94
-78
93
-52
93
-50
83
-54
38
-62
-23
-63
-68
-108
-97
-128
-114
-128
-123
-128
-96
93
-54
93
-50
85
-53
42
-60
-18
-63
-66
-76
-96
-128
-113
-128
-121
-128
-126
-128
-128
-128
-127
-128
-124
-128
-122
-128
-120
-101
-119
-53
-119
-48
-98
-52
-45
-60
14
-64
58
-73
83
-128
95
-128
101
-128
103
-128
104
-128
103
-128
101
-128
97
-128
94
-107
93
-56
93
-50
85
-52
44
-59
-15
-63
-64
-68
-97
-128
-115
-128
-123
-128
-126
-128
-127
-128
-127
-128
-125
-128
-122
-128
-120
-114
-119
-56
-118
-49
-99
-51
-42
-59
14
-63
55
-67
81
-128
95
-128
101
-128
103
-128
103
-128
102
-128
100
-128
97
-128
94
-121
93
-58
93
-50
86
-51
44
-58
-18
-64
-65
-65
-95
-128
-114
-128
-123
-128
-127
-128
-128
-128
-127
-128
-124
-128
-122
-128
-120
-127
-119
-58
-118
-50
-100
-51
-46
-59
14
-64
59
-64
83
-128
96
-128
101
-128
104
-128
105
-128
103
-128
100
-128
97
-128
93
-128
93
-61
93
-51
86
-51
46
-58
-15
-64
-66
-64
-99
-128
-115
-128
-123
-128
-127
-128
-128
-128
-128
-128
-125
-128
-122
-128
-120
-128
-119
-63
-118
-51
-100
-50
-47
-57
11
-64
55
-63
83
-128
97
-128
101
-128
103
-128
103
-128
103
-128
101
-128
97
-128
94
-128
93
-64
93
-50
87
-50
48
-57
-10
-64
-60
-64
-95
-128
-115
-128
-124
-128
-127
-128
-128
-128
-127
-128
-125
-128
-122
-128
-120
-128
-119
-65
-118
-50
-101
-49
-48
-56
9
-64
53
-63
79
-128
94
-128
101
-128
103
-128
105
-128
103
-128
100
-128
98
-128
94
-128
93
-68
93
-52
88
-49
50
-55
-12
-64
-60
-63
-93
-128
-112
-128
-122
-128
-127
-128
-128
-128
-128
-128
-125
-128
-122
-128
-121
-128
-119
-71
-118
-51
-102
-49
-55
-55
6
-63
53
-64
79
-124
94
-128
100
-128
103
-128
105
-128
103
-128
101
-128
98
-128
94
-128
93
-74
93
-52
88
-50
53
-55
-2
-63
-57
-63
-93
-116
-111
-128
-121
-128
-126
-128
-128
-128
-127
-128
-126
-128
-123
-128
-120
-128
-119
-77
-118
-51
-105
-49
-55
-55
3
-63
47
-64
78
-108
95
-128
102
-128
103
-128
105
-128
104
-128
101
-128
98
-128
95
-128
93
-81
93
-52
88
-50
52
-54
-6
-62
-55
-63
-86
-99
-109
-128
-121
-128
-126
-128
-128
-128
-127
-128
-125
-128
-123
-128
-121
-128
-120
-84
-119
-53
-105
-50
-53
-54
6
-62
51
-63
77
-92
92
-128
100
-128
103
-128
104
-128
103
-128
101
-128
98
-128
94
-128
93
-89
93
-54
89
-50
55
-53
-5
-61
-57
-63
-90
-86
-109
-128
-119
-128
-125
-128
-128
-128
-127
-128
-125
-128
-123
-128
-120
-128
-120
-92
-119
-52
-107
-48
-60
-53
2
-62
51
-64
78
-81
93
-128
100
-128
102
-128
104
-128
103
-128
101
-128
98
-128
94
-128
93
-97
93
-54
90
-50
57
-52
0
-60
-55
-64
-92
-74
-112
-128
-121
-128
-126
-128
-127
-128
-127
-128
-126
-128
-123
-128
-120
-128
-119
-102
-119
-55
-108
-50
-58
-52
1
-59
47
-64
77
-71
93
-128
101
-128
103
-128
103
-128
103
-128
101
-128
98
-128
95
-128
94
-109
93
-57
91
-50
59
-51
-2
-58
-54
-63
-88
-68
-110
-128
-121
-128
-126
-128
-128
-128
-127
-128
-125
-128
-123
-128
-121
-128
-119
-115
-118
-56
-109
-49
-63
-51
-1
-58
49
-64
77
-66
94
-128
101
-128
104
-128
105
-128
104
-128
101
-128
98
-128
94
-128
93
-122
92
-59
90
-51
61
-52
2
-57
-53
-63
-91
-64
-110
-128
-120
-128
-126
-128
-128
-128
-128
-128
-126
-128
-123
-128
-119
-128
-119
-128
-119
-59
-110
-50
-65
-51
-4
-58
46
-63
76
-64
93
-128
101
-128
103
-128
104
-128
103
-128
101
-128
99
-128
95
-128
94
-128
93
-61
91
-50
63
-50
7
-57
-48
-63
-87
-64
-110
-128
-122
-128
-126
-128
-128
-128
-128
-128
-126
-128
-124
-128
-121
-128
-119
-128
-118
-61
-111
-49
-67
-49
-7
-57
41
-64
73
-64
92
-128
100
-128
103
-128
104
-128
103
-128
101
-128
99
-128
95
-128
93
-128
93
-64
91
-50
65
-50
6
-57
-46
-63
-84
-62
-107
-128
-119
-128
-126
-128
-128
-128
-128
-128
-126
-128
-124
-128
-121
-128
-120
-128
-119
-66
-112
-50
-73
-50
-10
-56
42
-63
73
-63
90
-128
99
-128
102
-128
104
-128
104
-128
102
-128
99
-128
95
-128
94
-128
93
-68
92
-52
67
-50
16
-56
-42
-63
-85
-63
-107
-128
-119
-128
-124
-128
-128
-128
-128
-128
-127
-128
-124
-128
-120
-128
-120
-128
-119
-69
-113
-49
-73
-49
-14
-56
34
-64
71
-64
92
-128
101
-128
103
-128
104
-128
104
-128
101
-128
99
-128
96
-128
93
-128
93
-73
92
-52
67
-49
12
-56
-40
-63
-78
-63
-105
-120
-119
-128
-125
-128
-128
-128
-127
-128
-126
-128
-125
-128
-122
-128
-121
-128
-119
-76
-113
-52
-72
-49
-11
-55
39
-63
70
-64
87
-114
98
-128
102
-128
104
-128
104
-128
102
-128
99
-128
95
-128
94
-128
94
-78
92
-52
69
-49
13
-54
-42
-62
-81
-63
-104
-107
-116
-128
-123
-128
-128
-128
-128
-128
-126
-128
-124
-128
-121
-128
-120
-128
-120
-81
-115
-50
-77
-48
-16
-128
105
-128
105
-128
103
-128
100
-128
96
-128
93
-128
93
-128
93
-62
79
-50
31
-51
-25
-57
-66
-64
-99
-63
-117
-128
-124
-128
-127
-128
-128
-128
-127
-128
-125
-128
-122
-128
-120
-128
-119
-128
-117
-64
-90
-50
-31
-50
24
-56
61
-64
82
-63
96
-128
102
-128
103
-128
104
-128
103
-128
100
-128
97
-128
94
-128
94
-128
93
-65
81
-50
32
-49
-26
-56
-69
-63
-98
-63
-113
-128
-123
-128
-128
-128
-128
-128
-127
-128
-125
-128
-122
-128
-121
-128
-120
-128
-118
-65
-94
-49
-36
-48
22
-56
63
-64
85
-63
96
-128
100
-128
103
-128
104
-128
103
-128
101
-128
97
-128
95
-128
94
-128
93
-69
83
-51
38
-50
-23
-56
-70
-63
-100
-62
-115
-128
-123
-128
-126
-128
-128
-128
-127
-128
-125
-128
-122
-128
-120
-128
-119
-128
-118
-71
-95
-51
-37
-49
18
-55
60
-63
85
-64
97
-124
101
-128
103
-128
103
-128
102
-128
100
-128
97
-128
94
-128
94
-128
93
-73
84
-50
37
-49
-21
-54
-65
-63
-98
-63
-116
-118
-124
-128
-127
-128
-128
-128
-127
-128
-125
-128
-122
-128
-120
-128
-119
-128
-118
-75
-97
-50
-41
-48
20
-55
60
-64
83
-64
97
-112
103
-128
104
-128
105
-128
102
-128
100
-128
97
-128
94
-128
93
-128
93
-79
85
-52
42
-49
-19
-54
-69
-62
-99
-63
-114
-103
-123
-128
-127
-128
-128
-128
-127
-128
-125
-128
-122
-128
-120
-128
-120
-128
-119
-82
-98
-52
-43
-49
15
-54
59
-62
85
-63
97
-97
101
-128
103
-128
104
-128
103
-128
101
-128
98
-128
94
-128
93
-128
93
-85
86
-53
47
-49
-13
-53
-63
-61
-97
-63
-116
-92
-124
-128
-127
-128
-128
-128
-128
-128
-126
-128
-122
-128
-120
-128
-119
-128
-119
-88
-100
-51
-47
-48
9
-53
53
-61
81
-63
95
-87
102
-128
104
-128
104
-128
103
-128
101
-128
98
-128
94
-128
93
-128
93
-92
87
-53
48
-49
-10
-53
-60
-60
-94
-62
-113
-82
-123
-128
-128
-128
-128
-128
-127
-128
-125
-128
-123
-128
-121
-128
-119
-128
-119
-94
-102
-53
-50
-50
9
-53
53
-60
79
-62
94
-78
101
-128
103
-128
104
-128
103
-128
101
-128
98
-128
95
-128
94
-128
94
-99
89
-54
54
-50
-8
-52
-60
-60
-94
-63
-112
-74
-121
-128
-127
-128
-128
-128
-128
-128
-126
-128
-122
-128
-120
-128
-120
-128
-119
-102
-105
-53
-56
-48
-1
-52
49
-59
80
-63
95
-71
102
-128
104
-128
105
-128
103
-128
101
-128
98
-128
94
-128
93
-128
93
-108
89
-55
53
-50
-4
-52
-50
-58
-91
-63
-112
-68
-122
-128
-126
-128
-128
-128
-128
-128
-126
-128
-123
-128
-121
-128
-120
-128
-119
-113
-105
-56
-56
-50
2
-51
45
-59
70
-63
87
-66
93
-128
97
-128
99
-128
99
-128
100
-128
100
-128
99
-128
99
-128
98
-117
93
-57
56
-50
-4
-51
-55
-58
-88
-63
-108
-65
-120
-128
-126
-128
-128
-128
-127
-128
-125
-128
-123
-128
-121
-128
-120
-128
-119
-122
-107
-57
-58
-49
4
-50
50
-58
77
-63
92
-65
99
-128
103
-128
104
-128
103
-128
101
-128
98
-128
95
-128
94
-128
94
-126
91
-59
60
-51
1
-51
-54
-58
-91
-63
-110
-64
-120
-128
-124
-128
-128
-128
-128
-128
-126
-128
-122
-128
-120
-128
-120
-128
-120
-128
-110
-60
-63
-50
-5
-50
45
-57
76
-63
93
-64
99
-128
101
-128
101
-128
101
-128
99
-128
96
-128
93
-128
93
-128
93
-128
92
-68
61
-58
3
-55
-48
-55
-88
-57
-111
-59
-121
-128
-125
-128
-127
-128
-126
-128
-125
-128
-123
-128
-120
-128
-119
-128
-118
-128
-110
-61
-66
-49
-3
-50
45
-58
74
-64
92
-64
100
-128
103
-128
103
-128
103
-128
100
-128
97
-128
94
-128
92
-128
92
-128
91
-64
63
-52
4
-53
-51
-59
-87
-65
-108
-63
-120
-128
-126
-128
-128
-128
-128
-128
-126
-128
-123
-128
-120
-128
-120
-128
-119
-128
-111
-65
-69
-52
-8
-51
43
-57
75
-64
92
-63
99
-128
101
-128
103
-128
103
-128
101
-128
99
-128
95
-128
93
-128
92
-128
92
-67
67
-52
11
-51
-44
-55
-86
-64
-109
-63
-120
-128
-125
-128
-128
-128
-128
-128
-126
-128
-123
-128
-120
-128
-119
-128
-118
-128
-113
-66
-73
-49
-15
-47
37
-55
71
-64
91
-63
100
-128
103
-128
104
-128
103
-128
102
-128
99
-128
95
-128
94
-128
93
-128
92
-69
68
-51
14
-49
-40
-55
-81
-63
-106
-62
-119
-128
-126
-128
-128
-128
-128
-128
-126
-128
-124
-128
-121
-128
-120
-128
-119
-128
-114
-71
-75
-52
-14
-51
37
-56
70
-64
90
-64
99
-126
103
-128
104
-128
104
-128
102
-128
99
-128
96
-128
94
-128
94
-128
93
-76
72
-53
18
-50
-40
-57
-81
-65
-104
-66
-118
-120
-125
-128
-128
-128
-128
-128
-127
-128
-124
-128
-121
-128
-120
-128
-118
-128
-114
-76
-80
-51
-26
-50
31
-56
70
-64
91
-65
100
-116
104
-128
106
-128
106
-128
104
-128
100
-128
96
-63
-105
-85
-119
-128
-125
-128
-128
-128
-128
-128
-126
-128
-124
-128
-121
-128
-120
-128
-118
-92
-114
-52
-79
-48
-19
-53
37
-54
-29
-50
25
-53
63
-61
86
-65
98
-78
102
-128
103
-128
103
-128
101
-128
99
-128
95
-128
92
-128
92
-128
92
-102
78
-56
31
-51
-30
-54
-73
-60
-99
-64
-116
-74
-124
-128
-128
-128
-128
-128
-126
-128
-124
-128
-120
-128
-119
-128
-118
-128
-116
-111
-92
-59
-34
-52
22
-53
63
-60
84
-64
95
-71
101
-128
103
-128
104
-128
102
-128
100
-128
96
-128
93
-128
91
-128
91
-114
81
-59
36
-53
-24
-53
-72
-61
-102
-66
-117
-70
-123
-128
-127
-128
-128
-128
-126
-128
-124
-128
-121
-128
-118
-128
-118
-128
-117
-121
-95
-59
-39
-52
16
-54
59
-61
84
-67
97
-69
101
-128
103
-128
103
-128
102
-128
99
-128
96
-128
93
-128
92
-128
92
-125
82
-62
39
-54
-18
-54
-66
-61
-97
-67
-115
-68
-124
-128
-127
-128
-128
-128
-126
-128
-124
-128
-121
-128
-119
-128
-118
-128
-117
-128
-96
-62
-39
-53
17
-54
57
-61
81
-66
95
-67
101
-128
103
-128
103
-128
101
-128
99
-128
96
-128
93
-128
92
-128
92
-128
84
-62
41
-53
-19
-53
-65
-59
-95
-66
-113
-66
-122
-128
-126
-128
-128
-128
-127
-128
-124
-128
-121
-128
-120
-128
-118
-128
-117
-128
-98
-62
-48
-51
11
-52
57
-59
82
-66
95
-66
101
-128
103
-128
104
-128
102
-128
99
-128
96
-128
93
-128
92
-128
92
-128
84
-64
44
-52
-8
-51
-62
-58
-96
-64
-113
-64
-121
-128
-125
-128
-127
-128
-127
-128
-125
-128
-122
-128
-119
-128
-118
-128
-118
-128
-99
-64
-45
-51
9
-51
51
-57
78
-64
94
-64
100
-128
102
-128
103
-128
102
-128
100
-128
96
-128
94
-128
93
-128
93
-128
86
-65
46
-52
-12
-50
-59
-57
-89
-64
-111
-63
-122
-128
-126
-128
-127
-128
-126
-128
-125
-128
-122
-128
-120
-128
-119
-128
-117
-128
-101
-65
-49
-49
9
-49
53
-56
78
-64
91
-63
99
-128
102
-128
103
-128
102
-128
100
-128
97
-128
94
-128
93
-128
93
-128
88
-67
50
-50
-10
-50
-60
-55
-93
-62
-110
-61
-119
-128
-125
-128
-127
-128
-126
-128
-124
-128
-122
-128
-120
-128
-119
-128
-119
-128
-104
-69
-55
-50
4
-49
52
-54
79
-62
93
-62
99
-128
101
-128
103
-128
102
-128
100
-128
97
-128
94
-128
93
-128
92
-128
89
-70
54
-50
-3
-49
-56
-55
-92
-62
-111
-62
-120
-124
-125
-128
-126
-128
-126
-128
-124
-128
-122
-128
-120
-128
-118
-128
-117
-128
-106
-70
-56
-49
2
-48
47
-54
76
-63
93
-63
100
-119
102
-128
102
-128
101
-128
100
-128
97
-128
93
-128
92
-128
91
-128
88
-74
56
-50
-4
-49
-55
-53
-88
-61
-109
-62
-120
-113
-125
-128
-127
-128
-127
-128
-124
-128
-121
-128
-119
-128
-118
-128
-118
-128
-107
-76
-60
-49
0
-48
49
-53
75
-61
91
-62
99
-107
102
-128
103
-128
102
-128
100
-128
97
-128
93
-128
91
-128
91
-128
89
-79
59
-50
2
-48
-52
-53
-90
-61
-110
-62
-120
-101
-125
-128
-127
-128
-127
-128
-125
-128
-122
-128
-119
-128
-118
-128
-118
-128
-109
-81
-66
-50
-7
-47
43
-53
73
-61
91
-63
98
-96
100
-128
101
-128
101
-128
99
-128
97
-128
93
-128
91
-128
90
-128
89
-85
62
-51
8
-49
-45
-53
-85
-61
-107
-62
-120
-90
-124
-128
-127
-128
-127
-128
-125
-128
-122
-128
-120
-128
-118
-128
-117
-128
-111
-88
-66
-52
-10
-48
38
-52
70
-60
88
-62
97
-87
100
-128
101
-128
101
-128
99
-128
97
-128
93
-128
91
-128
91
-128
89
-91
65
-53
8
-49
-44
-52
-82
-60
-104
-63
-117
-82
-124
-128
-127
-128
-127
-128
-125
-128
-122
-128
-119
-128
-118
-128
-117
-128
-111
-94
-76
-52
-16
-48
37
-52
70
-60
88
-63
98
-78
102
-128
103
-128
103
-128
100
-128
97
-128
93
-128
90
-128
90
-128
89
-98
67
-54
16
-50
-40
-52
-82
-60
-104
-63
-117
-74
-122
-128
-126
-128
-126
-128
-125
-128
-122
-128
-119
-128
-118
-128
-117
-128
-112
-104
-74
-55
-17
-49
30
-52
68
-59
87
-63
96
-71
100
-128
101
-128
101
-128
100
-128
97
-128
94
-128
92
-128
91
-128
91
-109
70
-56
18
-50
-36
-52
-74
-59
-101
-64
-117
-68
-123
-128
-125
-128
-126
-128
-124
-128
-122
-128
-120
-128
-118
-128
-117
-128
-113
-114
-77
-56
-19
-49
33
-51
66
-59
84
-64
95
-67
101
-128
102
-128
102
-128
100
-128
98
-128
94
-128
92
-128
92
-128
91
-119
71
-59
19
-51
-36
-51
-78
-58
-101
-63
-114
-65
-122
-128
-126
-128
-127
-128
-125
-128
-122
-128
-120
-128
-119
-128
-118
-128
-115
-128
-82
-59
-22
-50
33
-51
68
-58
87
-64
96
-65
100
-128
102
-128
102
-128
101
-128
98
-128
94
-128
93
-128
93
-128
92
-128
74
-61
25
-51
-33
-51
-77
-57
-102
-64
-116
-64
-122
-128
-125
-128
-126
-128
-125
-128
-122
-128
-119
-128
-118
-128
-117
-128
-114
-128
-82
-62
-25
-50
27
-51
66
-58
88
-65
98
-64
102
-128
103
-128
103
-128
101
-128
98
-128
94
-128
92
-128
92
-128
92
-128
75
-65
23
-52
-34
-51
-74
-57
-101
-126
-128
-127
-128
-126
-128
-125
-128
-122
-128
-120
-128
-119
-128
-118
-128
-96
-90
-39
-51
17
-49
58
-53
80
-62
95
-64
102
-86
104
-128
105
-128
103
-128
101
-128
98
-128
95
-128
95
-128
94
-128
86
-92
42
-54
-19
-50
-64
-53
-94
-60
-111
-63
-121
-81
-127
-128
-128
-128
-126
-128
-124
-128
-122
-128
-120
-128
-120
-128
-118
-128
-98
-95
-42
-54
17
-49
59
-52
83
-60
95
-62
101
-80
103
-128
105
-128
103
-128
101
-128
98
-128
95
-128
94
-128
94
-128
86
-96
46
-54
-16
-49
-66
-52
-98
-60
-114
-63
-122
-77
-126
-128
-128
-128
-127
-128
-125
-128
-122
-128
-120
-128
-118
-128
-118
-128
-100
-98
-45
-53
12
-49
57
-52
85
-60
98
-64
103
-75
105
-128
105
-128
104
-128
101
-128
98
-128
95
-128
94
-128
93
-128
87
-101
44
-55
-16
-50
-62
-52
-95
-59
-115
-63
-123
-72
-127
-128
-128
-128
-127
-128
-125
-128
-123
-128
-121
-128
-119
-128
-119
-128
-100
-104
-44
-55
16
-49
58
-52
81
-59
95
-63
102
-71
104
-128
105
-128
103
-128
101
-128
98
-128
95
-128
94
-128
94
-128
88
-105
48
-55
-14
-49
-65
-51
-97
-58
-113
-62
-123
-69
-127
-128
-128
-128
-128
-128
-125
-128
-122
-128
-121
-128
-120
-128
-119
-128
-102
-108
-51
-54
9
-48
55
-50
83
-59
97
-64
102
-69
104
-128
105
-128
104
-128
102
-128
99
-128
95
-128
95
-128
94
-128
89
-111
53
-57
-7
-50
-60
-51
-95
-58
-115
-63
-123
-67
-127
-128
-128
-128
-128
-128
-126
-128
-123
-128
-121
-128
-119
-128
-119
-128
-105
-113
-54
-56
4
-50
51
-51
79
-58
95
-63
102
-67
104
-128
105
-128
104
-128
101
-128
99
-128
96
-128
94
-128
94
-128
90
-116
54
-57
-4
-50
-55
-50
-91
-58
-112
-63
-123
-66
-127
-128
-128
-128
-128
-128
-126
-128
-123
-128
-121
-128
-119
-128
-118
-128
-106
-118
-58
-56
3
-49
50
-51
77
-58
94
-64
102
-66
105
-128
106
-128
105
-128
102
-128
98
-128
95
-128
94
-128
93
-128
90
-121
58
-59
-3
-51
-58
-51
-91
-57
-111
-63
-121
-64
-126
-128
-128
-128
-128
-128
-126
-128
-123
-128
-121
-128
-121
-128
-120
-128
-108
-124
-61
-57
-5
-50
47
-50
77
-58
94
-64
100
-64
103
-128
104
-128
103
-128
101
-128
99
-128
96
-128
94
-128
94
-128
91
-126
59
-59
2
-50
-47
-51
-87
-57
-110
-63
-121
-63
-126
-128
-128
-128
-128
-128
-126
-128
-124
-128
-121
-128
-120
-128
-120
-128
-110
-128
-62
-58
-3
-48
44
-50
72
-58
92
-64
100
-65
103
-128
105
-128
104
-128
102
-128
99
-128
95
-128
94
-128
94
-128
91
-128
61
-60
2
-50
-49
-50
-86
-57
-106
-63
-120
-63
-126
-128
-128
-128
-128
-128
-126
-128
-124
-128
-121
-128
-121
-128
-120
-128
-111
-128
-66
-60
-5
-50
45
-50
74
-57
91
-64
98
-63
102
-128
104
-128
104
-128
101
-128
99
-128
95
-128
94
-128
93
-128
92
-128
65
-61
6
-50
-49
-50
-88
-57
-108
-63
-119
-64
-124
-128
-128
-128
-128
-128
-126
-128
-123
-128
-121
-128
-120
-128
-119
-128
-113
-128
-70
-61
-11
-49
41
-50
74
-57
93
-64
101
-64
103
-128
104
-128
104
-128
102
-128
99
-128
95
-128
93
-128
93
-128
92
-128
65
-63
8
-51
-44
-51
-84
-58
-109
-65
-121
-64
-126
-128
-128
-128
-127
-128
-126
-128
-124
-128
-121
-128
-120
-128
-119
-128
-113
-128
-70
-62
-8
-50
41
-50
71
-128
90
-124
99
96
102
-128
103
-128
103
-128
101
-112
97
-29
93
-128
91
-128
91
-128
91
-125
69
-113
12
-128
-45
-127
-83
-128
-105
-128
-118
-128
-125
-128
-128
-128
-128
-128
-126
-71
-124
-50
-121
-48
-120
-54
-119
-61
-114
-62
-77
-118
-17
-128
37
-128
73
-128
91
-128
99
-128
102
-128
104
-128
103
-128
101
-74
98
-48
94
-47
92
-53
91
-62
91
-62
72
-111
20
-128
-38
-128
-80
-128
-106
-128
-119
-128
-124
-128
-128
-128
-128
-128
-127
-78
-124
-51
-121
-48
-119
-53
-118
-61
-116
-62
-81
-100
-23
-128
31
-128
68
-128
89
-128
99
-128
102
-128
103
-128
-128
-128
-128
-82
-128
-50
-128
-47
-128
-53
-128
-60
-128
-61
-128
-93
-128
-128
-128
-128
-128
-128
-128
-128
127
-128
-128
-128
-128
-128
-128
-128
-128
-86
-128
-51
-126
-49
-123
-52
-120
-60
-119
-62
-119
-86
-111
-128
-68
-128
-9
-128
42
-128
75
-128
93
-128
101
-128
104
-128
104
-90
104
-50
101
-48
98
-51
94
-60
93
-62
92
-82
90
-128
62
-128
5
-128
-46
-128
-85
-128
-108
-128
-121
-128
-127
-128
-128
-95
-128
-53
-126
-49
-123
-51
-120
-58
-119
-62
-118
-74
-110
-128
-67
-128
-5
-128
43
-128
72
-128
90
-128
99
-128
102
-128
104
-101
104
-54
101
-49
99
-52
95
-58
93
-63
93
-70
91
-128
66
-128
6
-128
-49
-128
-86
-128
-107
-128
-119
-128
-125
-128
-128
-109
-128
-55
-126
-49
-123
-64
97
-64
102
-128
103
-128
103
-128
101
-128
99
-128
96
-128
93
-128
93
-128
93
-128
78
-68
28
-52
-31
-50
-99
67
-128
10
-128
-46
-128
-84
-128
-105
-128
-118
-128
-124
-128
-127
-128
-127
-85
-125
-53
-122
-50
-119
-54
-118
-62
-118
-64
-112
-90
-75
-128
-15
-128
37
-128
71
-128
89
-128
98
-128
101
-128
103
-128
102
-92
100
-54
97
-49
93
-54
91
-61
91
-64
90
-81
68
-128
14
-128
-41
-128
-83
-128
-107
-128
-118
-128
-123
-128
-127
-128
-127
-97
-125
-55
-123
-50
-120
-53
-118
-60
-117
-63
-113
-75
-75
-128
-17
-128
35
-128
70
-128
90
-128
99
-128
102
-128
103
-128
103
-104
100
-55
98
-49
93
-52
91
-59
91
-64
90
-71
68
-128
15
-128
-38
-128
-79
-128
-104
-128
-118
-128
-124
-128
-127
-128
-127
-112
-125
-57
-123
-50
-119
-52
-118
-59
-117
-63
-112
-66
-75
-128
-14
-128
35
-128
68
-128
87
-128
97
-128
101
-128
103
-128
102
-121
101
-58
98
-50
94
-51
92
-58
92
-64
91
-64
71
-128
17
-128
-40
-128
-79
-128
-103
-128
-117
-128
-123
-128
-127
-128
-127
-128
-125
-60
-122
-50
-119
-51
-119
-57
-118
-64
-113
-64
-78
-128
-23
-128
33
-128
69
-128
88
-128
97
-128
101
-128
103
-128
103
-128
101
-61
98
-49
94
-124
92
-127
93
-126
91
-123
71
-121
19
-117
-32
-117
-77
-116
-104
-112
-117
-69
-123
0
-126
50
-126
81
-125
96
-123
102
-120
104
-118
104
-118
103
-114
100
-77
98
-19
93
31
91
64
91
87
91
98
67
101
4
103
-55
103
-91
101
-112
99
-121
95
-125
94
-126
93
-126
92
-123
71
-121
18
-118
-36
-117
-77
-116
-100
-113
-116
-68
-123
1
-127
51
-127
81
-125
94
-123
101
-120
102
-119
103
-118
103
-114
100
-80
97
-19
94
34
92
68
92
89
92
98
67
103
5
105
-54
105
-91
103
-111
99
-121
95
-124
93
-127
93
-126
92
-123
72
-121
19
-118
-38
-117
-79
-116
-103
-113
-116
-70
-122
0
-126
50
-127
80
-125
95
-123
101
-120
103
-119
103
-118
103
-115
101
-78
97
-20
94
34
92
70
93
89
92
98
69
102
6
103
-53
103
-91
102
-112
99
-122
96
-125
94
-127
93
-126
93
-123
73
-121
20
-118
-35
-117
-78
-117
-105
-114
-118
-70
-124
-2
-126
49
-126
80
-126
95
-123
102
-120
103
-119
103
-118
103
-115
101
-80
98
-18
95
34
92
68
93
89
92
99
70
103
8
104
-52
104
-91
102
-112
99
-121
96
-125
94
-127
94
-126
93
-124
74
-122
21
-118
-38
-118
-79
-117
-103
-114
-118
-74
-124
-4
-128
48
-128
80
-125
96
-123
102
-120
104
-119
105
-119
104
-115
102
-81
99
-21
94
34
92
70
92
90
92
99
71
103
8
104
-52
104
-91
102
-112
100
-121
97
-125
94
-127
94
-127
93
-125
75
-123
24
-119
-35
-118
-78
-117
-106
-114
-119
-72
-124
-1
-128
-128
-128
-33
-128
8
-61
-44
10
-22
-36
42
88
-100
22
-96
97
13
3
-14
-31
115
-81
96
-35
111
-65
127
-121
-125
-68
-65
124
116
120
-104
-96
-100
-97
84
94
-83
-107
-43
36
121
69
62
-99
87
112
-115
-105
25
27
-111
-105
-81
-128
-15
15
62
108
-68
-95
-32
-127
-35
37
20
-103
-113
-127
-127
-113
-65
-128
-128
-128
64
-2
-113
-1
-60
-74
127
-128
75
-70
52
-18
55
-99
-7
-62
10
83
-108
90
56
58
-6
-83
51
-97
78
124
-126
-128
98
120
17
-99
56
-64
-128
112
-97
-16
94
113
-119
-99
-128
-112
117
-12
-62
-128
-113
-121
-8
-97
127
-128
49
114
5
-52
86
5
-86
-101
119
-91
117
95
14
-78
73
-67
-29
-97
127
63
-32
-114
-121
-128
-70
-127
-123
-128
-128
126
76
-1
74
21
40
21
87
-103
109
36
28
57
52
-33
67
-16
85
1
-113
-112
-122
-128
-113
-128
-68
123
31
-72
67
-105
86
38
-121
26
-66
-125
-1
-121
-98
-125
-88
-97
-65
127
-121
-96
-65
-2
-128
-118
4
-31
109
32
26
69
31
-126
58
-43
-54
-54
55
85
14
-43
65
127
-120
-104
-86
-33
-112
-1
111
99
78
-105
112
-21
121
-113
-16
-127
-36
-93
-121
-40
84
-70
-114
-65
-114
-125
96
-8
101
100
-48
-40
-60
-116
-59
-113
56
-105
41
22
-63
-99
-50
-66
90
-59
-101
-64
-112
-128
-89
-71
-128
-127
126
127
-33
-121
-17
-127
94
-98
49
20
-118
55
-105
-110
-37
21
-4
-117
93
-40
-78
-7
62
-9
-65
-128
-32
-121
-121
71
-24
-4
-4
36
-3
36
-80
106
101
-68
-66
-128
-61
-1
-128
-128
-13
-125
-122
-114
-100
-128
-96
-121
-95
-127
91
33
-49
-26
-57
102
-23
30
11
66
-69
-43
44
-65
73
-28
29
-4
-32
-65
-121
127
-61
-100
-34
109
-94
-128
126
-122
-49
-124
-94
-23
-41
-104
-102
-91
-127
-16
-65
-113
-126
-64
-128
-121
64
-125
-43
-109
-65
64
-65
-67
126
109
-10
-126
-60
-3
-71
-16
-112
-78
112
95
-4
-121
-125
-128
-128
-128
-51
-121
-57
-119
-63
-119
-66
-111
-128
-70
-128
-14
-128
39
-128
73
-128
91
-128
99
-128
102
-128
103
-117
103
-55
101
-48
99
103
17
-126
-4
-4
-127
-106
112
127
113
19
69
41
36
53
-27
10
42
37
53
38
38
-43
23
41
20
45
-24
35
-19
-45
79
126
12
35
90
21
-37
42
-34
43
33
37
-125
-33
-25
-128
-105
21
-18
-51
82
-42
-85
28
113
-76
69
-118
-19
38
-85
-107
-107
69
50
-53
34
18
110
42
53
74
-27
85
12
-19
-30
-2
-70
123
27
-125
-1
102
98
35
-88
-21
70
10
42
45
45
42
90
40
7
-43
-93
-11
-90
87
1
-63
-76
26
-43
-121
-38
40
-99
52
-44
82
106
43
-71
37
42
42
53
-99
-93
-79
-76
-111
-74
-119
-86
-11
-93
-125
-126
81
119
-37
-110
-97
106
42
61
42
43
-91
23
26
54
21
53
37
21
85
73
21
-14
44
-3
-35
68
56
57
-84
90
-43
-19
85
34
58
-44
122
-6
-47
-3
-128
86
-115
5
-93
57
47
-81
25
35
-25
107
-116
-88
43
-37
-124
-10
58
-36
37
62
58
-54
85
-83
53
34
-86
-114
-50
-77
-128
88
-115
63
-97
0
-125
-26
111
-3
103
-24
79
-44
40
52
42
-23
21
97
42
12
-82
124
-71
-67
-103
-65
-65
105
-110
-25
-40
-64
-56
-42
34
-87
11
-43
49
115
20
-28
-42
-2
-75
-1
-123
-8
-65
-65
-4
-65
-121
-64
65
125
-113
-63
0
-128
26
-96
74
-43
42
76
84
106
-110
60
123
-29
50
95
40
-28
127
117
-3
71
-4
-98
-113
7
-121
-109
94
-67
-128
-1
-1
-113
-128
96
-128
-128
-128
97
-125
-128
-122
-127
-128
-128
-65
-128
-128
-101
-121
-128
78
-112
65
-72
68
-101
-79
8
-5
121
-32
16
-82
-113
-128
103
-72
125
-127
0
-81
-128
-16
-96
-1
124
-128
127
-128
-123
-67
-18
-36
123
-88
11
-50
-128
-1
-120
-128
120
127
99
-125
-46
72
58
100
100
121
18
91
-24
118
77
-80
-40
-92
94
-33
96
-2
-128
64
126
-128
63
-125
116
-114
-1
-72
24
-121
-91
-128
-55
-86
41
-27
114
61
97
96
-94
-96
-28
-13
-95
-61
-80
-75
-72
-66
103
-64
126
64
127
-97
-22
-114
-19
86
-6
0
-86
124
112
-65
-67
127
-128
64
112
-116
-113
-1
-113
-89
-90
-125
-2
127
101
-71
-38
-99
-12
-46
-9
-40
105
84
78
-5
-26
120
-45
34
-24
-65
-97
125
112
49
124
127
-33
67
92
114
-66
-68
-89
-128
-43
-79
-57
-41
-11
88
118
-108
-16
110
31
-128
24
-16
-128
-113
119
59
-112
117
-127
-64
26
-43
8
-49
5
-96
22
-35
21
96
-1
-98
-81
-125
-55
-115
-109
-65
120
-122
-72
-127
-119
-1
-97
-65
29
-43
24
-92
59
74
-57
11
93
119
92
111
86
77
-42
-127
-8
-4
-18
-49
-87
127
-128
-68
124
125
109
127
-124
70
37
-15
-113
-128
-109
-124
-128
-16
-121
-128
-60
-125
125
-128
-10
-61
126
-1
44
-47
41
-20
-27
98
6
2
117
-117
-37
-118
25
26
88
-88
-58
-128
-128
127
-123
-1
-1
-1
124
-94
-126
115
-122
-65
88
-127
-128
-3
-38
-45
-98
125
-63
-69
70
-116
99
-16
-128
115
-114
64
-104
-84
20
-75
101
63
-83
-123
-22
11
20
-80
-26
-85
-39
35
-61
-128
2
-1
-15
-116
-89
-64
-80
123
-109
-101
1
0
96
-127
82
-85
-41
85
-45
-111
-117
68
-14
-116
2
3
-108
-80
99
65
-4
-114
-123
127
-71
-99
-63
-128
-9
-33
90
19
-40
-17
110
47
-65
-20
-16
-128
127
-121
-111
-65
-124
-127
-128
-1
-65
-116
-64
-128
-42
40
56
16
48
-17
38
32
-101
43
122
-106
-112
-57
95
85
-79
54
-128
67
94
-128
124
-74
-100
-128
-2
124
-128
70
-1
-124
-38
-95
-128
116
-115
-39
-42
55
-97
-127
64
-97
-16
-128
-113
-128
-95
-64
43
76
6
20
93
-68
-13
120
21
-96
57
124
99
118
-65
-72
127
-128
-128
78
-128
127
-128
-128
-128
-128
-1
-8
-65
-113
99
-43
108
-44
31
78
-72
41
-45
-7
72
41
-5
-74
-8
-120
-80
-33
-128
-1
-128
-7
-120
-65
-27
58
-1
-40
101
35
122
-40
-65
64
94
-104
30
64
33
-121
-127
-40
-117
64
113
-50
-121
17
25
38
-94
-5
123
-77
-23
18
116
37
43
-19
109
27
45
37
-9
-127
-16
-113
-34
-128
-108
-128
-121
-127
-5
-37
-127
-109
-61
-115
-2
57
36
21
-87
17
35
80
11
89
-128
70
69
-101
0
-23
-45
82
-39
-60
54
23
-14
34
-54
-37
42
8
29
50
39
-81
-55
122
103
15
-110
-13
40
81
124
-34
69
-80
-81
-105
101
63
-43
-43
37
45
20
86
21
43
42
57
36
42
95
-43
-38
18
-9
123
-113
-97
-76
-33
65
-125
53
21
-71
42
87
41
84
41
-48
125
-71
-106
57
106
-86
-31
-74
-43
63
20
22
-70
-32
-79
42
6
26
-22
-22
46
35
41
69
45
44
85
-41
21
41
42
-21
-121
-50
-126
-120
-57
-116
-72
-128
-125
-27
-52
-120
-70
70
104
41
37
49
75
42
42
58
85
-128
-127
-97
-128
-98
