1
1
1
0
1
1
1
1
1
1
1
1
1
1
1
1
1
1
1
1
1
1
1
1
2
0
1
1
1
2
1
1
1
1
1
1
0
1
1
1
1
1
1
1
1
1
1
1
1
0
1
1
1
1
1
1
1
0
1
1
1
1
1
1
0
1
1
1
1
1
1
1
0
2
1
1
1
1
1
1
0
0
1
1
1
2
1
1
1
1
1
1
1
1
1
1
1
1
1
1
1
1
1
1
1
1
1
1
1
0
1
1
1
1
1
1
1
1
1
1
1
1
1
1
1
1
2
1
1
1
0
0
1
1
1
1
1
1
0
1
1
1
1
1
1
1
0
1
1
1
1
1
1
1
1
1
1
1
1
1
1
1
1
1
1
1
1
1
1
1
1
1
1
1
1
2
1
1
1
1
1
1
1
1
1
1
1
1
1
1
1
1
1
1
1
1
1
1
1
1
1
1
1
1
1
1
1
1
1
1
1
1
1
1
1
1
1
1
1
1
1
1
1
1
1
1
1
1
1
1
1
1
1
1
1
1
1
1
1
1
1
1
1
1
2
1
1
1
1
1
1
1
1
1
1
1
1
1
1
1
2
1
1
1
1
1
1
1
1
1
1
1
1
1
1
1
1
0
1
1
1
1
1
1
1
1
1
1
1
1
1
1
1
1
1
1
1
1
1
1
1
1
1
1
1
1
1
1
1
1
1
1
1
1
1
1
1
1
0
1
1
1
1
1
1
1
1
1
1
1
1
1
1
1
1
1
1
1
2
1
1
1
1
1
1
1
1
1
1
1
1
1
1
1
1
0
2
1
1
1
1
1
1
1
1
1
1
1
1
1
1
1
1
1
1
1
1
1
1
1
1
1
1
1
1
1
1
1
1
1
1
1
1
1
1
1
1
1
1
1
1
1
1
1
1
1
1
1
1
1
2
1
1
1
1
1
1
1
0
1
1
1
1
1
2
1
1
1
1
1
1
1
1
1
1
1
1
1
1
1
1
1
1
1
1
1
1
1
1
1
1
1
1
1
1
1
1
1
1
1
2
1
1
1
1
1
1
1
1
1
1
1
1
1
1
1
1
1
1
1
1
1
1
1
1
1
1
1
1
1
1
1
1
1
1
1
1
1
1
1
1
1
1
0
1
1
1
1
1
1
1
1
1
1
1
2
1
1
1
1
1
1
1
1
1
1
1
1
1
1
1
1
1
1
1
1
2
1
0
2
0
1
1
1
1
1
1
1
1
1
1
1
1
1
1
1
1
1
1
0
1
1
1
1
1
1
1
1
1
1
1
1
1
1
1
1
2
1
1
1
0
2
1
1
1
1
1
1
1
1
1
1
1
1
1
1
1
1
1
1
1
1
1
1
1
1
1
1
1
1
1
1
1
1
1
1
1
1
1
1
1
1
1
1
2
1
1
1
1
1
1
1
1
1
1
1
1
1
2
1
1
1
1
1
0
1
1
1
1
1
0
1
1
1
1
1
2
1
1
1
1
1
1
1
2
0
1
1
1
1
1
1
-128
-128
-128
-128
-128
-128
-128
-128
-67
-128
27
-128
-19
-128
19
-128
-128
-128
-128
-128
-128
-128
-128
-128
112
127
-128
-128
-116
-128
-128
-128
1
2
1
1
1
1
1
1
1
1
1
1
1
1
1
1
1
1
1
1
1
1
1
1
1
1
1
1
1
1
1
1
1
1
1
1
1
1
1
1
1
1
1
1
1
1
1
1
1
1
1
1
1
1
1
1
1
1
1
1
1
1
1
1
1
1
2
1
1
1
1
1
1
1
1
1
1
1
1
1
1
1
1
1
1
1
1
1
1
1
1
1
1
1
1
1
1
1
1
1
1
2
1
1
1
1
1
1
1
1
1
1
1
1
1
1
1
1
1
1
1
1
2
1
1
1
1
1
1
1
1
1
1
1
1
1
1
1
1
1
1
1
1
1
1
1
1
1
1
1
1
1
1
1
1
2
1
1
1
1
1
1
1
1
0
1
1
1
1
0
1
1
1
1
1
1
1
1
1
1
1
1
1
1
1
1
1
1
1
1
1
1
1
1
1
1
1
1
1
1
1
1
1
1
1
1
1
1
1
1
1
1
1
1
1
2
1
0
2
1
1
1
1
1
1
1
1
1
1
1
1
1
1
1
1
1
1
1
1
1
1
1
1
0
1
1
1
1
1
1
1
1
2
1
1
1
1
1
1
1
1
1
1
1
1
1
1
1
1
1
1
1
1
1
1
1
1
1
1
1
1
1
1
1
1
1
1
1
1
1
1
1
1
1
1
1
-120
-125
-115
-120
-115
-115
-90
-114
28
-28
85
65
96
94
98
97
94
97
90
91
89
89
40
85
-71
-25
-112
-99
-121
-120
-120
-124
-115
-120
-113
-114
-98
-113
20
-42
83
60
96
94
98
98
97
98
88
93
88
88
47
86
-65
-17
-110
-96
-120
-119
-121
-124
-115
-120
-114
-116
-102
-113
15
-49
81
58
97
93
99
99
96
99
90
93
89
89
55
87
-60
-8
-110
-93
-121
-119
-121
-124
-116
-121
-113
-114
-106
-112
4
-61
79
51
99
93
102
101
98
100
90
94
88
89
61
88
-55
-1
-108
-90
-121
-118
-122
-124
-116
-121
-113
-115
-108
-114
1
-65
77
49
97
91
99
99
97
100
91
94
90
89
67
89
-50
7
-107
-88
-120
-118
-122
-124
-117
-121
-113
-115
-111
-114
-6
-73
74
44
97
90
99
99
98
100
91
95
90
89
72
89
-45
14
-105
-85
-120
-117
-122
-124
-118
-122
-114
-116
-111
-114
-12
-79
72
41
96
89
99
99
98
100
91
96
90
90
77
90
-38
22
-103
-82
-119
-116
-123
-124
-118
-122
-114
-116
-112
-115
-21
-86
69
35
96
89
100
100
97
100
92
95
89
89
81
88
-33
31
-101
-78
-120
-115
-122
-123
-118
-122
-113
-116
-114
-114
-30
-93
65
29
94
84
99
98
98
100
91
94
90
89
83
88
-25
39
-99
-73
-119
-113
-123
-123
-119
-123
-114
-117
-112
-114
-40
-100
61
21
95
84
100
100
99
101
92
97
89
89
86
88
-19
45
-97
-69
-118
-113
-123
-123
-119
-123
-114
-117
-113
-115
-46
-102
58
16
92
81
99
98
99
100
93
97
89
90
88
89
-11
53
-94
-64
-117
-112
-122
-123
-119
-123
-113
-118
-112
-114
-57
-107
54
8
93
80
99
99
99
100
93
97
88
90
89
89
-4
59
-91
-59
-117
-111
-122
-123
-119
-124
-114
-118
-113
-115
-62
-109
50
3
90
77
99
97
99
100
94
97
89
91
89
89
4
65
-88
-53
-116
-108
-122
-121
-120
-124
-114
-118
-113
-115
-69
-111
46
-4
90
75
99
97
99
100
94
98
89
90
89
88
11
70
-85
-48
-116
-107
-122
-121
-120
-124
-114
-119
-113
-115
-76
-112
41
-11
88
72
98
95
99
99
95
97
89
91
89
89
20
75
-81
-40
-114
-105
-121
-121
-121
-125
-115
-120
-113
-115
-85
-113
35
-21
87
69
99
96
99
100
95
98
89
91
89
88
28
78
-77
-34
-113
-102
-121
-121
-120
-124
-116
-120
-113
-115
-91
-113
28
-30
84
65
97
94
99
99
95
97
89
92
88
88
38
83
-71
-26
-113
-100
-121
-120
-121
-124
-115
-120
-114
-115
-97
-113
20
-41
81
59
96
92
98
98
96
98
88
93
88
88
44
84
-67
-19
-110
-97
-120
-119
-121
-124
-115
-120
-113
-114
-101
-114
14
-48
79
56
95
91
97
98
94
96
88
92
88
88
52
86
-62
-11
-109
-94
-120
-117
-121
-123
-115
-120
-113
-114
-105
-112
6
-58
78
52
97
92
99
99
95
98
88
92
87
86
59
86
-56
-3
-108
-91
-120
-117
-121
-123
-115
-121
-113
-114
-107
-113
1
-65
76
48
95
89
98
97
95
98
89
93
87
87
66
88
-50
6
-106
-88
-120
-116
-121
-123
-116
-121
-113
-114
-109
-113
-7
-73
73
44
95
89
97
98
96
99
90
94
88
87
71
88
-43
14
-104
-84
-118
-116
-121
-123
-117
-121
-113
-114
-111
-113
-14
-79
71
40
94
88
98
98
97
99
91
95
89
88
77
89
-38
23
-102
-80
-118
-115
-122
-123
-117
-121
-113
-115
-111
-113
-22
-87
69
34
95
87
99
99
97
100
90
95
88
88
80
88
-33
30
-101
-77
-118
-114
-122
-122
-117
-121
-113
-116
-112
-113
-28
-91
65
30
94
86
98
98
97
99
92
96
89
89
83
89
-26
37
-98
-73
-118
-113
-122
-122
-118
-122
-114
-116
-112
-114
-36
-96
63
24
94
84
99
98
98
100
92
97
89
89
86
89
-20
44
-96
-69
-117
-112
-122
-122
-118
-122
-113
-117
-112
-114
-43
-100
60
18
93
82
99
98
99
100
94
97
90
90
88
89
-12
52
-93
-64
-117
-112
-122
-122
-119
-123
-113
-117
-112
-114
-53
-105
56
10
94
81
100
100
100
102
94
98
90
90
89
89
-5
58
-92
-60
-117
-111
-122
-123
-119
-123
-114
-119
-113
-115
-59
-108
52
5
92
79
99
98
100
100
95
98
90
92
90
90
2
64
-89
-55
-116
-109
-122
-122
-119
-124
-114
-118
-113
-115
-66
-110
48
-1
91
77
100
98
101
101
95
99
90
92
90
90
8
69
-87
-50
-116
-108
-123
-122
-120
-124
-115
-119
-113
-115
-73
-112
44
-7
90
74
100
98
100
100
95
99
91
93
91
90
16
74
-83
-45
-115
-106
-122
-122
-121
-125
-115
-120
-113
-115
-82
-113
38
-16
90
72
101
98
101
101
96
100
90
92
90
90
24
77
-80
-38
-114
-104
-122
-122
-121
-125
-115
-120
-114
-116
-87
-114
34
-23
88
69
99
97
100
100
97
99
90
93
91
91
32
82
-75
-31
-114
-102
-122
-121
-121
-125
-116
-121
-114
-115
-120
-125
-116
-121
-113
-115
-95
-114
26
-33
85
63
98
95
100
99
96
99
89
92
89
89
42
85
-70
-23
-113
-100
-121
-121
-122
-125
-116
-121
-114
-116
-100
-114
20
-44
83
60
97
94
100
99
96
99
90
94
89
89
50
87
-65
-15
-111
-96
-121
-120
-122
-125
-116
-121
-113
-115
-105
-114
11
-54
82
56
98
94
100
100
96
100
88
92
88
86
56
87
-60
-7
-109
-92
-121
-118
-122
-125
-118
-121
-115
-117
-107
-114
5
-60
80
53
97
92
100
99
97
100
89
94
88
87
63
87
-53
1
-107
-89
-120
-117
-122
-124
-117
-122
-128
-128
-99
-128
32
-128
-128
-128
-128
-128
-128
-128
-114
-128
24
-128
-128
-128
-128
-128
-128
-128
-125
-128
-125
127
122
-128
-117
-128
-128
-128
88
89
87
88
-15
48
-96
-67
-118
-112
-123
-122
-119
-123
-114
-117
-113
-115
-47
-103
58
16
93
80
99
98
99
100
93
96
90
90
88
89
-11
53
-94
-64
-118
-112
-123
-123
-119
-124
-114
-118
-112
-115
-55
-106
54
9
93
80
101
100
100
102
94
98
89
90
88
88
-6
56
-93
-61
-117
-112
-123
-123
-119
-124
-115
-119
-113
-116
-56
-108
54
8
92
79
99
98
99
100
94
98
89
90
90
90
-3
60
-91
-58
-117
-111
-123
-123
-120
-124
-114
-119
-113
-115
-61
-109
51
4
92
78
99
98
99
100
94
98
89
91
89
89
0
62
-90
-56
-116
-110
-123
-122
-120
-125
-114
-119
-113
-116
-63
-110
50
2
91
77
99
98
99
100
95
97
90
91
90
90
5
66
-88
-52
-117
-109
-123
-122
-121
-125
-115
-119
-114
-116
-69
-112
46
-3
90
75
98
97
100
100
94
97
89
90
88
88
10
69
-86
-49
-116
-108
-123
-123
-121
-125
-115
-120
-113
-115
-76
-113
41
-10
88
71
97
96
98
99
93
97
88
88
87
86
14
71
-83
-45
-115
-107
-122
-122
-121
-124
-115
-120
-112
-115
-80
-113
37
-16
86
69
96
93
97
97
94
97
89
91
89
89
19
74
-81
-42
-114
-105
-120
-121
-120
-124
-114
-119
-113
-115
-81
-113
36
-17
86
69
97
95
98
98
94
97
88
90
89
88
24
76
-79
-37
-114
-103
-121
-121
-120
-123
-114
-120
-112
-114
-88
-112
32
-25
86
66
98
95
99
99
95
98
88
91
88
87
30
79
-75
-33
-113
-102
-121
-120
-120
-124
-114
-120
-113
-114
-90
-113
29
-28
84
65
97
93
98
98
95
98
88
91
88
88
34
81
-73
-28
-112
-101
-121
-120
-120
-124
-115
-120
-113
-114
-93
-112
26
-33
84
64
97
93
98
98
95
97
89
92
89
88
38
83
-70
-25
-112
-99
-120
-120
-120
-124
-115
-120
-113
-114
-95
-113
23
-37
83
61
97
93
99
98
95
98
89
92
88
89
44
84
-68
-20
-111
-97
-120
-118
-121
-124
-115
-120
-113
-114
-100
-113
17
-46
82
59
98
93
99
99
95
98
88
92
88
87
48
84
-65
-16
-111
-96
-120
-119
-121
-124
-115
-121
-113
-114
-102
-113
13
-49
80
55
95
91
98
97
95
98
89
92
87
87
53
85
-61
-10
-109
-93
-120
-119
-121
-124
-116
-121
-113
-114
-105
-113
8
-56
78
53
96
91
98
98
94
97
88
92
87
87
56
85
-58
-6
-108
-92
-119
-118
-121
-123
-116
-120
-112
-114
-106
-112
6
-60
77
51
96
90
98
98
95
97
87
91
86
85
61
85
-53
0
-107
-90
-119
-116
-121
-123
-116
-121
-112
-114
-108
-112
-4
-69
73
45
96
89
99
99
97
100
89
93
87
87
65
86
-50
6
-105
-87
-118
-116
-121
-122
-116
-120
-113
-114
-108
-113
-5
-71
72
44
94
88
98
97
95
98
89
93
88
86
69
87
-46
12
-104
-84
-118
-115
-121
-122
-116
-121
-113
-114
-110
-113
-10
-76
71
41
95
87
98
97
95
98
89
93
88
87
72
88
-42
17
-103
-83
-118
-115
-121
-123
-116
-121
-112
-114
-111
-113
-14
-80
70
39
94
86
98
96
96
98
90
94
88
88
76
88
-37
22
-102
-80
-118
-114
-121
-122
-117
-121
-113
-115
-110
-113
-21
-86
69
34
95
87
99
99
97
99
91
94
88
88
79
88
-34
28
-101
-78
-118
-114
-121
-122
-117
-121
-113
-115
-111
-113
-25
-89
67
32
94
85
98
98
97
99
91
95
89
89
82
89
-29
33
-100
-75
-118
-114
-122
-123
-117
-122
-113
-115
-112
-113
-30
-93
65
28
94
85
99
98
98
100
92
96
89
88
84
88
-25
38
-99
-73
-118
-112
-122
-122
-118
-122
-113
-116
-112
-114
-34
-95
63
26
94
84
99
99
98
100
93
96
90
89
85
89
-21
42
-97
-70
-118
-112
-122
-122
-119
-123
-113
-117
-111
-113
-41
-100
61
20
94
84
100
100
99
101
93
97
89
89
86
88
-17
46
-96
-68
-118
-112
-123
-122
-119
-123
-113
-117
-113
-115
-45
-102
59
17
93
81
99
98
99
101
94
97
89
91
88
89
-12
51
-94
-66
-117
-112
-123
-123
-120
-124
-114
-117
-113
-115
-50
-105
96
88
100
99
98
101
92
96
91
90
81
90
64
98
95
100
100
96
99
90
93
90
89
42
85
-69
-22
-113
-99
-122
-121
-122
-126
-117
-122
-114
-116
-101
-114
19
-45
84
60
99
95
100
101
97
100
90
93
89
89
48
87
-65
-16
-112
-97
-121
-121
-122
-125
-116
-123
-114
-117
-103
-115
15
-50
81
57
98
93
100
99
96
99
91
94
90
90
55
89
-62
-10
-111
-95
-121
-120
-122
-125
-117
-121
-114
-116
-106
-115
8
-57
80
53
97
93
99
100
96
99
90
94
89
90
59
89
-58
-4
-110
-93
-121
-119
-123
-125
-118
-122
-115
-116
-109
-114
3
-63
78
51
96
91
100
99
97
99
91
94
89
90
65
89
-52
4
-108
-89
-120
-119
-123
-125
-118
-122
-114
-116
-111
-114
-6
-72
75
46
98
91
100
100
97
100
90
95
89
88
69
89
-47
11
-107
-86
-120
-118
-123
-125
-118
-123
-114
-116
-112
-115
-10
-78
72
41
95
88
99
98
97
99
91
95
89
89
74
89
-42
18
-104
-84
-120
-117
-123
-124
-119
-122
-114
-116
-112
-114
-18
-84
70
37
95
88
99
99
97
100
91
95
89
89
78
88
-36
25
-103
-81
-119
-116
-123
-124
-119
-122
-114
-116
-113
-114
-24
-89
67
33
94
86
98
98
98
99
91
96
90
88
81
89
-30
34
-101
-77
-119
-115
-122
-123
-118
-122
-114
-116
-113
-113
-34
-95
64
26
94
86
99
99
98
100
92
96
88
89
84
88
-23
40
-98
-72
-118
-114
-123
-124
-119
-123
-114
-117
-113
-115
-40
-99
60
21
93
82
98
97
97
100
92
96
89
89
86
88
-17
47
-96
-68
-118
-112
-123
-122
-119
-123
-114
-117
-113
-114
-47
-103
57
16
92
80
98
98
98
100
92
96
89
89
87
88
-13
51
-94
-66
-117
-111
-122
-122
-119
-123
-114
-117
-113
-115
-52
-105
55
11
92
79
98
97
98
100
93
96
89
89
88
89
-6
57
-92
-60
-117
-111
-122
-122
-120
-124
-114
-118
-113
-115
-62
-109
50
3
91
77
99
98
99
100
93
97
88
89
88
88
1
63
-89
-54
-116
-110
-122
-122
-120
-124
-114
-119
-113
-115
-67
-111
47
-3
90
74
98
96
98
99
93
97
88
90
89
88
8
68
-86
-50
-115
-107
-122
-121
-120
-124
-114
-119
-113
-115
-73
-112
43
-9
89
73
97
96
98
99
94
97
89
90
89
88
14
72
-83
-46
-115
-107
-121
-121
-120
-124
-115
-119
-113
-115
-78
-112
40
-13
88
71
98
95
99
99
94
97
89
91
89
88
21
76
-81
-40
-114
-105
-122
-121
-120
-125
-114
-119
-113
-114
-85
-113
35
-21
88
69
99
96
99
99
95
98
88
91
89
89
27
78
-78
-35
-114
-103
-121
-120
-121
-125
-115
-120
-113
-115
-88
-113
32
-25
86
66
97
95
99
99
95
98
89
91
89
89
34
82
-74
-30
-113
-101
-121
-121
-120
-124
-115
-120
-113
-115
-94
-114
27
-33
85
64
98
94
100
99
95
98
89
92
89
89
38
84
-70
-25
-112
-100
-120
-120
-120
-125
-115
-121
-113
-115
-97
-114
23
-38
83
61
98
94
99
99
96
98
90
92
89
89
45
85
-67
-19
-111
-97
-121
-119
-121
-124
-115
-121
-113
-115
-101
-114
17
-47
83
58
99
94
100
100
96
99
89
93
88
88
50
86
-63
-14
-110
-95
-121
-119
-121
-124
-116
-121
-114
-115
-103
-113
13
-51
80
56
97
92
99
99
96
99
90
94
89
89
56
88
-61
-8
-110
-93
-121
-119
-122
-124
-116
-121
-114
-115
-106
-114
8
-57
79
54
97
92
100
99
96
99
91
95
89
89
59
88
-58
-5
-109
-92
-120
-118
-122
-124
-116
-121
-114
-115
-107
-114
5
-61
79
52
96
92
100
99
96
99
91
95
90
90
64
90
-54
1
-108
-90
-120
-118
-122
-124
-117
-122
-113
-115
-109
-113
-2
-69
77
48
98
92
100
100
97
100
91
94
88
88
67
89
-50
6
-107
-88
-121
-118
-122
-124
-117
-122
-115
-115
-110
-114
-5
-71
74
45
96
90
99
99
97
99
91
95
90
89
71
89
-46
12
-105
-86
-120
-116
-122
-124
-118
-122
-114
-116
-112
-114
-11
-77
72
41
96
90
100
99
97
100
91
95
89
89
73
89
-43
17
-105
-84
-120
-117
-122
-124
-118
-122
-113
-116
-112
-114
-15
-81
72
40
96
89
99
99
98
100
92
96
90
89
78
90
-38
23
-104
-82
-120
-116
-123
-124
-118
-122
-114
-116
-112
-114
-22
-87
69
35
97
88
101
100
98
101
92
96
90
89
80
89
-34
28
-102
-79
-119
-116
-123
-123
-119
-122
-114
-117
-113
-115
-25
-90
67
32
94
86
99
99
98
100
93
96
90
89
82
89
-30
34
-101
-76
-119
-115
-123
-124
-119
-123
-114
-117
-113
-115
-31
-94
65
28
95
86
99
99
99
101
93
96
90
90
84
89
-27
37
-100
-75
-119
-114
-123
-123
-119
-123
-114
-116
-113
-115
-34
-96
64
26
94
84
99
98
98
100
93
97
90
90
85
89
57
13
93
81
100
99
100
100
94
98
90
90
88
90
-9
54
-93
-63
-117
-111
-123
-122
-119
-124
-114
-97
-69
-118
-113
-123
-123
-119
-123
-114
-118
-113
-115
-45
-103
59
17
93
82
99
98
98
100
94
97
89
91
88
89
-14
51
-95
-66
-118
-112
-124
-123
-120
-124
-114
-118
-113
-115
-50
-105
57
14
93
81
99
98
99
100
94
97
90
90
88
89
-10
54
-94
-64
-118
-112
-123
-124
-120
-124
-114
-118
-113
-116
-53
-107
55
11
93
80
99
97
99
100
94
97
89
90
89
90
-6
58
-92
-60
-117
-111
-123
-122
-120
-124
-114
-119
-113
-116
-61
-110
52
4
93
79
100
99
99
101
94
98
89
90
88
88
0
62
-90
-57
-117
-110
-123
-123
-120
-124
-115
-119
-113
-115
-64
-111
50
1
91
77
99
97
99
100
94
98
90
91
90
90
5
65
-88
-53
-117
-109
-122
-123
-121
-124
-115
-119
-113
-115
-69
-111
46
-4
91
76
99
97
99
100
95
98
89
91
90
89
9
69
-86
-50
-116
-108
-123
-122
-120
-124
-115
-119
-113
-116
-73
-112
44
-7
89
73
99
97
99
99
95
97
90
91
89
89
15
74
-84
-46
-116
-107
-122
-122
-120
-125
-115
-120
-113
-115
-81
-112
38
-15
89
72
99
98
100
100
95
98
89
91
89
89
21
75
-81
-40
-115
-105
-122
-122
-121
-125
-115
-120
-113
-116
-84
-113
36
-19
87
69
98
96
99
99
95
98
89
92
89
90
26
79
-78
-36
-114
-104
-122
-121
-121
-125
-115
-120
-113
-115
-88
-114
32
-26
86
67
98
96
100
100
96
98
90
92
90
89
31
81
-75
-31
-114
-103
-122
-121
-120
-125
-115
-121
-113
-115
-92
-114
30
-28
86
65
98
95
100
99
96
98
89
92
89
89
37
84
-72
-27
-113
-100
-122
-121
-121
-125
-116
-121
-114
-116
-97
-113
23
-38
85
63
99
96
100
100
97
100
90
92
89
89
42
85
-69
-21
-112
-99
-122
-120
-122
-125
-116
-121
-114
-116
-99
-114
20
-43
84
60
97
94
100
99
96
100
90
93
89
90
49
87
-65
-16
-111
-96
-122
-120
-122
-125
-116
-121
-114
-116
-104
-114
13
-51
81
57
97
93
100
99
97
99
90
94
89
89
54
88
-61
-10
-110
-94
-121
-119
-121
-125
-116
-121
-115
-116
-106
-114
9
-56
80
54
97
92
99
99
97
99
90
94
89
89
60
89
-57
-3
-110
-93
-121
-119
-122
-125
-117
-122
-114
-115
-109
-114
1
-66
78
50
98
92
100
100
96
100
90
95
89
89
65
89
-52
4
-108
-89
-121
-119
-122
-124
-117
-123
-114
-116
-110
-114
-3
-70
75
46
96
91
99
99
97
100
91
95
90
89
70
89
-47
11
-106
-87
-120
-117
-123
-124
-118
-122
-114
-116
-112
-114
-10
-77
73
42
96
89
99
99
97
100
91
95
89
89
74
89
-43
17
-105
-84
-120
-117
-123
-124
-118
-122
-114
-116
-112
-114
-15
-82
71
39
95
88
100
99
98
100
92
95
90
89
78
89
-36
25
-103
-81
-119
-115
-123
-124
-118
-123
-114
-117
-112
-114
-25
-90
68
33
96
88
100
100
98
101
92
96
89
89
81
88
-31
32
-101
-77
-119
-115
-123
-124
-119
-123
-114
-117
-113
-115
-31
-94
65
28
95
85
99
98
99
100
92
97
90
89
85
90
-25
39
-99
-73
-119
-114
-123
-124
-119
-123
-115
-117
-113
-115
-39
-99
62
23
94
84
99
98
99
100
93
96
89
89
86
89
-19
44
-97
-69
-118
-113
-123
-123
-120
-123
-114
-118
-113
-115
-44
-102
59
18
93
82
99
98
99
100
93
97
90
90
88
89
-12
52
-95
-66
-118
-112
-123
-123
-120
-124
-114
-118
-113
-115
-54
-106
55
10
93
80
100
99
99
100
94
97
89
89
88
89
-5
57
-92
-60
-117
-111
-123
-123
-121
-124
-114
-118
-113
-115
-60
-109
52
5
91
77
99
97
98
100
94
97
90
90
90
89
2
64
-90
-55
-117
-109
-123
-122
-120
-124
-115
-119
-113
-116
-68
-111
47
-2
91
76
99
97
99
100
94
97
89
91
89
89
9
69
-86
-50
-116
-108
-123
-122
-120
-124
-114
-120
-113
-115
-74
-112
43
-8
90
73
98
96
99
100
95
98
90
92
90
89
17
73
-83
-43
-115
-106
-122
-122
-121
-125
-115
-120
-113
-115
-83
-113
38
-18
89
71
100
97
101
101
95
99
89
91
89
89
25
77
-80
-37
-114
-104
-122
-122
-121
-125
-116
-120
-114
-115
-88
-114
33
-23
87
68
98
95
100
99
96
98
90
93
89
90
32
81
-75
-31
-113
-102
-122
-121
-121
-125
-116
-121
-114
-116
-93
-114
29
-31
86
65
98
95
100
99
96
98
90
92
89
90
38
84
-72
-26
-113
-100
-122
-121
-122
-125
-116
-121
-114
-116
-97
-115
23
-37
85
62
98
94
100
100
97
99
90
94
90
89
45
86
-68
-19
-112
-98
-121
-120
-121
-125
-116
-121
-114
-115
-102
-114
16
-48
84
59
99
95
100
100
97
100
90
93
89
90
51
87
-64
-13
-111
-96
-122
-120
-122
-125
-116
-121
-114
-115
-105
-114
12
-52
80
56
97
93
100
99
97
99
90
94
90
89
57
89
-60
-7
-110
-94
-121
-120
-122
-125
100
96
99
90
92
90
89
31
81
-76
-32
-114
-103
-122
-122
-121
-124
-115
-121
-113
-115
-92
-114
29
-29
86
66
98
96
100
99
96
99
90
92
89
89
37
83
-73
-27
-113
-101
-122
-121
-121
-125
-116
-121
-114
-116
-96
-114
25
-36
85
63
98
95
100
99
96
99
90
93
89
90
43
86
-69
-21
-112
-98
-121
-121
-122
-126
-116
-122
-114
-115
-102
-114
17
-47
84
60
99
95
101
100
97
100
90
93
89
89
50
86
-65
-15
-111
-96
-122
-120
-122
-126
-116
-122
-114
-116
-104
-114
13
-51
81
56
98
93
101
99
97
99
91
93
89
89
57
88
-60
-7
-110
-93
-121
-120
-123
-125
-117
-122
-115
-116
-107
-114
7
-59
80
52
98
92
100
99
97
100
91
94
90
89
62
88
-55
-1
-109
-91
-121
-119
-123
-125
-117
-122
-115
-116
-109
-114
1
-66
77
49
96
91
100
100
97
100
91
94
90
89
68
89
-50
7
-108
-88
-120
-118
-123
-126
-118
-123
-114
-116
-111
-114
-8
-75
75
43
97
91
100
99
97
101
91
96
89
89
72
89
-45
15
-106
-85
-121
-117
-123
-125
-118
-122
-114
-116
-112
-115
-14
-81
71
40
95
88
100
99
98
100
92
96
90
89
77
90
-38
23
-104
-82
-120
-117
-123
-124
-118
-122
-114
-117
-112
-114
-21
-88
69
35
95
88
100
99
98
100
92
96
90
90
81
89
-33
30
-102
-79
-120
-116
-123
-124
-119
-123
-114
-117
-113
-115
-28
-91
66
31
95
86
99
99
98
100
92
96
90
89
84
89
-27
37
-100
-75
-119
-114
-124
-124
-119
-123
-114
-117
-113
-115
-37
-98
64
24
96
85
100
100
99
101
93
97
90
89
86
89
-20
43
-98
-70
-119
-114
-123
-124
-120
-123
-114
-118
-114
-115
-43
-102
60
18
93
82
99
98
100
100
93
97
89
90
88
89
-13
51
-95
-65
-118
-112
-123
-123
-120
-124
-114
-118
-113
-116
-52
-106
56
13
93
80
100
99
100
100
94
98
90
90
89
89
-7
56
-92
-62
-118
-112
-123
-123
-120
-124
-115
-119
-113
-116
-57
-109
53
7
92
78
99
98
99
101
95
97
89
90
89
89
1
62
-89
-56
-117
-110
-123
-123
-120
-124
-114
-119
-113
-115
-67
-111
47
-2
90
75
98
97
99
99
93
97
89
90
89
88
8
68
-87
-51
-116
-108
-122
-122
-120
-124
-115
-120
-113
-115
-76
-112
41
-11
89
72
97
96
98
99
94
97
88
90
88
88
16
72
-82
-45
-115
-106
-122
-122
-120
-125
-115
-120
-113
-116
-82
-113
37
-17
87
69
98
95
98
98
94
97
89
90
88
87
23
76
-80
-39
-114
-104
-122
-122
-120
-124
-114
-120
-114
-115
-86
-114
34
-21
87
67
98
95
98
98
93
97
89
91
89
89
31
81
-75
-31
-113
-102
-121
-121
-120
-125
-115
-120
-113
-114
-94
-113
26
-34
86
63
99
95
100
99
95
98
88
91
88
88
38
83
-71
-25
-112
-99
-121
-120
-121
-125
-115
-120
-113
-115
-97
-113
21
-39
84
61
97
94
99
98
96
98
89
93
89
88
46
85
-67
-19
-111
-97
-121
-120
-121
-124
-116
-120
-114
-115
-101
-113
16
-47
82
58
97
92
99
99
96
98
90
93
89
89
51
87
-63
-13
-110
-95
-120
-119
-122
-124
-116
-121
-114
-115
-104
-114
12
-53
80
55
97
93
99
99
96
99
90
93
89
89
58
87
-59
-6
-108
-92
-120
-118
-122
-124
-116
-121
-113
-115
-107
-113
2
-63
74
48
91
86
94
94
95
95
92
95
94
93
63
92
-54
-1
-108
-90
-119
-117
-121
-124
-116
-120
-114
-115
-108
-112
1
-65
76
50
96
90
98
98
97
99
90
95
90
89
67
89
-49
8
-107
-88
-119
-117
-122
-124
-117
-121
-113
-115
-110
-114
-7
-75
74
44
95
90
97
97
95
97
89
92
89
87
71
89
-46
13
-105
-85
-119
-116
-122
-123
-116
-121
-114
-114
-112
-115
-9
-76
72
42
94
89
98
97
95
99
90
93
89
89
76
89
-40
20
-103
-83
-119
-116
-122
-123
-117
-121
-113
-115
-111
-113
-23
-87
68
33
95
87
99
100
98
100
91
97
88
87
79
88
-34
28
-101
-78
-119
-115
-122
-123
-118
-122
-114
-115
-112
-114
-27
-90
66
31
95
85
98
98
98
100
92
96
89
90
83
89
-28
36
-100
-75
-118
-114
-122
-123
-118
-122
-113
-115
-113
-114
-32
-95
64
27
94
84
99
99
98
100
92
96
90
89
84
89
-23
40
-98
-72
-118
-113
-122
-123
-118
-123
-114
-116
-112
-114
-37
-98
62
23
93
83
99
98
98
100
93
96
90
90
87
89
-17
46
-96
-69
-118
-112
-123
-123
-119
-123
-114
-117
-112
-115
-48
-103
59
16
94
82
100
100
99
100
93
97
89
89
88
88
-11
52
-94
-64
-117
-112
-122
-123
-119
-123
-114
-117
-113
-115
-53
-106
55
11
91
80
99
97
99
100
94
97
90
89
89
89
-4
58
-92
-59
-117
-110
-122
-122
-119
-124
-114
-118
-114
-116
-59
-110
51
6
92
77
99
98
99
100
93
97
91
91
-36
9
68
-86
-50
-116
-108
-123
-122
-120
-125
-115
-120
-112
-115
-77
-112
40
-12
90
72
100
97
101
101
96
100
90
91
89
88
17
73
-83
-45
-115
-106
-122
-122
-120
-124
-114
-120
-113
-115
-81
-112
37
-17
88
70
98
96
99
99
95
97
90
91
89
89
24
77
-79
-38
-114
-104
-121
-121
-121
-124
-115
-120
-113
-115
-87
-113
33
-23
87
67
98
96
100
100
96
99
89
92
89
89
31
80
-76
-32
-113
-102
-122
-121
-120
-125
-115
-120
-114
-114
-91
-114
29
-30
86
65
98
94
99
99
95
98
89
92
89
88
38
83
-71
-26
-113
-100
-121
-121
-121
-124
-115
-120
-114
-115
-97
-113
22
-40
85
61
98
95
100
100
96
99
89
92
88
88
45
85
-68
-19
-112
-98
-122
-120
-121
-125
-116
-121
-114
-115
-101
-114
17
-46
82
58
96
93
99
99
96
98
89
93
88
88
52
86
-63
-12
-110
-95
-120
-119
-122
-124
-116
-121
-114
-115
-105
-113
10
-54
79
54
96
91
99
99
96
99
89
93
89
89
57
87
-59
-6
-109
-93
-120
-118
-122
-124
-117
-121
-113
-115
-108
-114
4
-61
77
50
96
89
99
98
96
99
90
94
88
88
63
87
-53
2
-108
-90
-120
-118
-121
-124
-116
-122
-114
-115
-109
-113
-6
-72
73
43
94
87
98
97
96
99
89
93
87
86
68
86
-47
10
-106
-86
-120
-117
-122
-124
-117
-121
-113
-115
-111
-113
-12
-77
70
41
93
86
97
96
95
97
89
93
87
86
73
87
-39
19
-103
-82
-119
-115
-122
-123
-117
-122
-113
-115
-110
-112
-20
-84
68
35
93
85
99
97
96
98
90
94
87
87
77
86
-34
26
-101
-78
-118
-114
-121
-123
-117
-122
-113
-114
-111
-113
-25
-88
66
31
93
84
97
96
96
97
91
94
88
87
81
87
-28
34
-99
-74
-117
-112
-121
-122
-117
-121
-113
-115
-111
-113
-35
-95
62
24
93
83
98
98
96
99
91
95
88
87
84
86
-21
42
-96
-70
-117
-112
-122
-122
-117
-122
-113
-116
-112
-114
-41
-100
59
19
92
81
97
97
96
98
91
95
88
88
86
88
-14
49
-94
-66
-116
-111
-121
-121
-118
-122
-113
-116
-112
-114
-50
-104
55
12
91
80
98
97
98
99
93
96
88
89
87
88
-8
55
-92
-61
-116
-110
-121
-121
-118
-122
-113
-117
-112
-114
-56
-106
53
8
91
78
98
97
99
99
93
97
89
90
88
89
0
62
-89
-56
-116
-109
-121
-121
-119
-123
-113
-117
-111
-113
-66
-109
47
-2
91
76
100
98
99
100
94
98
88
90
88
88
8
67
-86
-50
-115
-107
-121
-121
-119
-123
-114
-118
-112
-115
-72
-111
44
-7
90
74
98
96
99
100
95
98
90
92
90
89
16
74
-83
-44
-114
-105
-121
-121
-119
-123
-114
-119
-112
-114
-80
-112
39
-16
88
71
99
96
99
100
95
98
89
92
90
90
24
77
-80
-39
-114
-104
-121
-121
-120
-124
-114
-120
-113
-115
-85
-113
35
-21
88
69
99
96
100
100
96
98
90
92
90
90
32
81
-75
-31
-113
-102
-121
-121
-121
-125
-115
-120
-113
-114
-93
-113
28
-31
87
66
100
96
101
101
96
99
90
93
90
89
38
84
-71
-25
-113
-100
-121
-120
-122
-124
-115
-121
-114
-115
-97
-114
23
-38
84
62
98
95
100
100
96
100
91
93
90
90
47
87
-67
-18
-111
-97
-121
-120
-122
-124
-116
-122
-114
-116
-102
-114
17
-47
83
58
99
94
101
100
97
100
91
94
90
90
53
88
-63
-12
-111
-95
-121
-119
-122
-125
-117
-122
-114
-115
-105
-114
11
-54
81
55
98
93
101
100
98
100
91
95
91
90
60
90
-57
-4
-110
-92
-121
-119
-122
-125
-117
-122
-114
-116
-109
-114
1
-66
79
51
99
94
101
102
98
101
91
96
90
90
67
90
-51
4
-108
-89
-121
-119
-123
-125
-118
-122
-114
-116
-111
-115
-5
-72
75
46
97
91
100
100
99
101
92
96
91
91
72
90
-45
14
-106
-86
-121
-118
-123
-125
-118
-122
-114
-116
-112
-115
-14
-81
72
41
96
90
101
100
98
101
92
96
91
90
78
90
-39
22
-104
-83
-121
-117
-123
-125
-119
-123
-115
-117
-113
-115
-21
-86
70
36
96
89
100
100
99
101
93
97
91
90
83
90
-32
31
-102
-78
-120
-116
-124
-125
-119
-123
-114
-118
-113
-115
-32
-94
66
28
96
87
101
100
99
102
93
97
90
91
85
89
-24
39
-99
-73
-120
-115
-124
-124
-120
-124
-115
-118
-113
-115
-40
-99
62
22
94
84
100
100
99
101
94
97
90
90
88
90
-17
48
-97
-69
-119
-113
-124
-124
-120
-124
-115
-118
-113
-116
-49
-105
58
15
94
81
100
99
99
101
94
98
90
90
89
90
-9
55
-94
-64
-118
-112
-124
-123
-120
-125
-115
-119
-113
-116
-56
-108
53
7
92
79
100
99
100
101
95
98
90
91
90
90
0
61
-90
-56
-117
-111
-123
-123
-120
-125
-115
-120
-113
-116
-68
-112
48
-3
92
76
100
99
100
101
94
98
90
92
89
89
10
69
-86
-50
-117
-109
88
70
99
97
100
100
95
98
89
91
88
89
27
78
-78
-35
-114
-103
-121
-121
-120
-124
-115
-120
-113
-115
-90
-113
30
-27
86
66
97
95
99
100
96
98
89
92
89
89
36
83
-72
-27
-112
-101
-122
-121
-121
-125
-115
-120
-114
-115
-96
-114
24
-35
84
63
98
95
99
100
96
99
90
93
89
89
42
85
-69
-22
-112
-98
-122
-120
-121
-125
-115
-121
-114
-115
-100
-114
19
-43
83
59
98
94
100
99
96
99
90
93
90
90
50
87
-65
-14
-111
-96
-121
-120
-122
-125
-116
-121
-113
-115
-105
-113
11
-54
81
56
98
94
101
100
97
100
89
94
89
89
58
88
-59
-6
-110
-93
-121
-120
-122
-125
-116
-121
-114
-115
-107
-114
4
-61
78
51
97
92
99
99
97
99
91
95
89
90
64
89
-53
2
-108
-90
-120
-118
-122
-125
-117
-122
-114
-116
-109
-114
-2
-68
76
47
97
91
100
99
97
100
91
96
90
89
69
89
-49
9
-106
-87
-120
-117
-123
-124
-118
-123
-114
-115
-111
-114
-8
-75
74
44
96
90
99
99
98
100
92
96
90
89
75
90
-43
17
-105
-84
-120
-117
-122
-124
-119
-122
-114
-116
-112
-114
-17
-84
71
39
97
89
101
101
98
101
91
96
90
89
78
89
-37
25
-103
-81
-120
-116
-123
-124
-118
-122
-115
-117
-112
-115
-24
-89
68
34
95
87
100
99
98
100
93
96
90
90
83
90
-30
33
-101
-77
-119
-115
-123
-124
-119
-123
-115
-117
-113
-115
-32
-95
65
28
95
86
100
100
99
101
93
97
90
90
85
90
-25
40
-99
-73
-119
-115
-123
-124
-119
-123
-115
-117
-114
-115
-37
-98
63
23
94
84
100
99
99
101
94
97
90
90
87
90
-18
47
-97
-69
-118
-114
-123
-124
-120
-124
-114
-118
-113
-115
-49
-104
59
15
93
83
101
99
100
101
94
98
89
90
89
89
-11
53
-95
-65
-118
-112
-123
-123
-120
-124
-115
-119
-113
-116
-54
-107
55
11
92
80
99
97
99
100
94
97
90
91
89
90
-4
59
-92
-59
-117
-111
-123
-123
-121
-125
-115
-119
-113
-115
-62
-109
51
3
93
77
99
99
100
100
94
98
90
91
90
89
3
64
-89
-54
-117
-110
-123
-122
-121
-125
-115
-120
-113
-116
-68
-111
48
-3
91
75
99
98
100
100
95
98
90
92
90
90
11
70
-86
-49
-116
-108
-122
-123
-121
-125
-115
-119
-113
-116
-78
-112
41
-12
91
74
100
98
101
102
95
99
90
91
89
89
18
75
-83
-43
-115
-107
-122
-122
-121
-125
-116
-120
-114
-116
-83
-114
37
-18
88
71
99
96
100
100
97
98
90
93
90
90
27
80
-78
-36
-115
-104
-122
-122
-121
-125
-116
-121
-114
-115
-89
-114
32
-26
87
67
99
96
100
100
96
99
90
93
90
90
34
82
-75
-30
-114
-102
-122
-121
-121
-125
-115
-121
-114
-116
-94
-114
27
-32
85
65
99
96
100
100
96
99
91
93
90
90
42
85
-70
-23
-113
-100
-122
-121
-122
-125
-116
-122
-114
-115
-101
-114
19
-45
84
60
99
95
101
100
96
99
90
93
89
89
49
87
-66
-15
-112
-96
-122
-121
-122
-126
-117
-122
-114
-116
-104
-115
14
-51
81
57
97
93
100
99
96
100
90
94
90
90
57
89
-60
-7
-110
-94
-121
-119
-123
-125
-117
-122
-115
-116
-106
-114
7
-60
80
53
98
93
101
99
97
100
91
95
90
89
62
88
-56
-2
-109
-91
-121
-120
-122
-125
-117
-122
-114
-116
-109
-114
1
-66
77
49
97
92
100
100
97
100
91
95
90
90
68
90
-50
7
-107
-88
-121
-118
-123
-124
-118
-122
-115
-116
-112
-115
-9
-77
74
43
98
91
101
101
98
101
91
96
89
89
74
88
-43
16
-105
-84
-121
-117
-123
-124
-119
-122
-114
-116
-113
-115
-16
-82
71
39
95
89
100
99
98
100
92
96
90
89
79
90
-36
26
-103
-81
-120
-117
-123
-124
-119
-123
-114
-117
-113
-114
-25
-90
68
32
95
87
100
99
98
100
92
96
90
90
82
89
-30
34
-101
-77
-120
-115
-123
-124
-120
-123
-115
-117
-113
-115
-32
-95
65
28
94
85
99
99
98
100
93
96
90
90
86
89
-22
42
-99
-71
-119
-114
-123
-124
-119
-124
-114
-119
-113
-115
-44
-102
60
19
94
83
100
100
99
101
94
97
90
89
87
88
-14
51
-95
-67
-118
-113
-123
-124
-120
-124
-115
-118
-113
-116
-51
-106
56
13
92
80
99
98
99
100
94
97
90
90
89
89
-5
58
-93
-60
-118
-111
-123
-123
-120
-125
-115
-119
-113
-115
-60
-110
52
5
92
78
98
98
99
100
94
97
89
91
89
89
1
63
-90
-56
-117
-110
-123
-122
-120
-125
-115
-119
-113
-116
-67
-111
48
-2
91
76
99
98
100
100
95
98
90
91
89
90
11
70
-86
-48
-117
-107
-123
-122
-121
-125
-115
-120
-113
-116
-78
-113
41
-12
91
73
100
98
100
101
95
98
89
91
89
89
20
75
-82
-42
-116
-106
-122
-122
-121
-125
-115
-120
-114
-116
-85
-114
36
-20
87
69
98
96
100
100
94
97
90
90
87
88
-17
47
-97
-69
-119
-113
-124
-123
-120
-123
-114
-118
-114
-116
-48
-104
58
15
93
82
99
99
99
101
94
97
90
90
88
89
-9
55
-93
-63
-118
-112
-123
-123
-120
-124
-114
-119
-113
-116
-59
-109
53
6
93
79
100
99
100
101
94
98
89
90
89
90
0
62
-90
-57
-117
-110
-123
-123
-120
-125
-115
-120
-113
-115
-66
-112
47
-1
90
75
99
97
99
100
95
98
90
92
90
90
10
70
-86
-49
-116
-108
-123
-122
-121
-125
-115
-120
-114
-116
-76
-113
42
-10
90
73
99
97
100
100
95
98
89
91
90
90
18
74
-83
-43
-115
-106
-122
-122
-121
-125
-115
-120
-113
-116
-83
-114
37
-17
87
71
98
96
99
98
95
97
89
92
90
90
28
80
-77
-34
-114
-103
-122
-121
-121
-125
-116
-121
-114
-116
-93
-114
26
-32
85
63
98
95
99
99
94
98
88
90
87
88
37
81
-71
-26
-113
-100
-122
-121
-122
-125
-115
-121
-114
-115
-98
-114
20
-41
83
60
97
93
99
98
95
98
89
92
88
88
46
85
-66
-17
-111
-96
-121
-120
-121
-124
-116
-121
-113
-115
-102
-114
14
-50
81
57
97
92
99
99
-107
-114
-116
-120
-120
-124
-122
-124
-121
-123
-120
-120
-116
-116
-115
-116
-114
-114
-113
-113
-106
-88
-60
-28
2
28
50
64
77
84
90
94
96
98
98
99
99
100
98
98
96
95
93
91
90
88
89
89
89
89
89
79
60
31
-2
-29
-53
-74
-88
-100
-107
-114
-116
-120
-120
-124
-122
-125
-122
-124
-120
-121
-117
-116
-114
-116
-114
-114
-113
-114
-107
-90
-62
-30
1
26
48
64
76
84
90
94
96
98
98
99
100
100
99
98
97
96
94
92
90
89
89
89
89
89
88
81
62
35
3
-27
-53
-73
-88
-99
-107
-114
-116
-120
-120
-124
-122
-124
-122
-123
-120
-120
-116
-116
-114
-116
-114
-114
-112
-113
-108
-91
-64
-32
-2
24
46
62
76
84
90
95
97
99
100
100
100
100
99
99
97
96
94
92
90
88
88
89
89
88
88
80
63
34
3
-26
-52
-72
-87
-100
-107
-114
-116
-120
-120
-124
-122
-124
-122
-124
-120
-120
-117
-116
-114
-116
-114
-115
-113
-114
-108
-91
-65
-34
-2
24
46
60
74
82
90
94
96
98
98
99
99
99
98
98
96
96
94
92
90
89
90
89
89
89
89
83
66
39
7
-23
-49
-71
-86
-98
-106
-114
-116
-120
-120
-123
-123
-125
-122
-124
-120
-120
-117
-118
-115
-116
-114
-114
-113
-114
-109
-95
-68
-36
-6
23
44
60
74
82
89
94
96
98
98
99
99
100
98
99
97
96
94
93
90
89
88
89
89
89
89
83
67
39
8
-22
-47
-70
-85
-98
-106
-113
-116
-120
-119
-124
-123
-125
-122
-124
-121
-122
-118
-118
-115
-116
-114
-116
-113
-115
-68
-1
74
-65
-113
-121
-124
110
106
2
42
39
-101
61
-94
99
-115
-49
10
0
-116
114
36
104
54
-125
-52
-17
-72
127
-100
-58
93
-83
1
-128
-121
-128
-97
-112
60
-21
95
-27
-113
-128
107
-88
-110
125
124
-122
-67
76
-67
-16
-69
-121
95
-34
-55
-72
-122
115
-74
-36
10
65
110
-29
120
81
104
81
-121
-72
-67
-96
99
-113
-116
-1
-71
126
73
-29
-75
-117
65
-99
-99
17
15
81
-93
-68
35
-107
52
24
-70
34
83
-30
-121
-65
-112
-65
-101
-125
-104
-65
-116
-72
-91
110
-80
77
-19
-16
104
-127
-8
98
-39
5
120
2
-121
-98
122
-7
-18
-125
-16
-65
-4
-46
37
25
94
66
77
-88
-17
72
-39
115
62
81
10
-20
120
-121
-54
-63
-66
-90
-47
-115
-68
-60
-63
-120
-30
-2
72
-83
-122
-90
-112
19
-125
39
85
89
82
-80
-60
-33
-59
113
-68
31
40
127
-32
-123
-65
-4
-128
34
88
-15
-69
34
43
115
-25
9
60
-115
-128
97
-126
0
-124
96
51
11
-50
-128
1
81
-26
-97
-112
117
-75
-16
-75
-25
66
94
108
71
-4
55
-34
50
76
-103
31
-26
-44
-1
96
15
121
-121
4
-127
-104
-93
-34
-123
-28
-4
23
-96
-80
-4
51
9
57
13
-2
30
-96
95
-119
115
-29
-91
-70
13
-3
18
-34
12
-80
21
79
-106
-13
42
36
110
-42
43
-105
-116
119
120
-64
-127
-124
16
120
0
64
88
88
-113
96
-116
72
7
19
24
-116
80
64
-124
-84
77
122
-45
15
-112
116
40
15
-77
-125
4
114
-122
3
-76
8
5
-103
-72
11
-55
20
-87
-4
-85
-101
-63
-97
-14
-127
127
-121
113
-115
-68
7
-119
24
-128
67
115
80
-64
-73
18
2
27
-98
-62
-42
60
-69
-65
-25
-83
120
-122
-48
71
-33
-32
-68
124
-32
-113
112
-114
-97
-72
119
-128
108
100
112
-117
-119
88
-70
38
-128
120
-128
126
-121
-64
-128
-97
3
-48
-126
-57
-35
-128
-113
0
-81
-50
-16
-107
116
113
-32
-69
-5
-113
79
-33
87
-128
96
-128
96
99
90
92
90
90
29
80
-77
-33
-114
-103
-122
-121
-121
-125
-115
-121
-114
-115
-92
-114
29
-29
-21
-79
-7
-93
-38
-125
91
-59
102
-13
3
91
0
108
36
41
108
-45
37
-43
-43
-123
-74
-85
10
42
17
81
-44
-50
-38
123
-123
-123
112
127
68
-29
42
47
50
48
-35
46
83
-26
-91
88
-37
109
10
34
90
122
-62
106
-49
-61
83
-25
121
101
37
-124
42
-99
115
-83
90
68
53
-94
26
80
50
-42
36
75
87
17
115
-33
71
-89
0
-100
-40
45
123
6
-56
97
122
-61
38
26
-22
44
87
87
33
93
37
-39
51
91
94
-6
-23
-28
-123
-60
90
22
107
-81
-22
49
17
72
-76
69
-38
87
22
43
24
61
-53
34
-112
93
97
57
44
73
96
127
-79
115
-126
48
75
4
105
46
42
-43
106
-108
80
-43
10
42
42
43
70
-107
-40
-93
-47
88
24
105
-97
108
-38
-22
50
96
45
57
32
-43
-78
7
99
-104
-85
-127
-118
-61
43
65
-52
74
64
54
17
22
74
77
-82
39
-110
-40
-50
84
115
53
42
74
9
73
21
28
124
-99
-29
-13
-65
-85
-100
113
27
-67
126
79
18
-115
67
8
-29
41
-111
54
-92
42
-94
-105
-55
103
28
-126
84
-105
72
28
-128
26
56
-69
109
-11
61
-68
-110
-115
-48
77
106
-42
-30
86
-34
-79
-66
122
-4
-125
46
64
3
112
-65
-82
-12
95
-97
-126
-124
-44
-84
41
7
-93
34
85
-37
98
114
93
101
-83
75
9
-125
-49
-40
-127
23
-114
-96
-18
-29
92
-1
-65
-41
-23
75
-64
-78
-2
-112
-113
-97
-65
64
-112
-1
-125
-97
127
112
-65
-13
-128
-16
-76
-106
-109
114
7
19
117
-33
-99
34
40
127
-112
-81
65
-5
-11
127
71
-121
-128
-99
-65
-128
-113
-114
-127
-97
-1
-121
-56
112
60
-65
-121
-121
95
120
-4
-98
4
-126
0
-64
-65
-125
-81
54
99
43
-83
93
-118
-54
46
-38
-109
123
-29
88
24
125
-15
11
-105
51
-75
-93
-17
-103
119
120
89
80
-18
-104
-36
-2
123
-60
36
70
104
-17
-108
19
90
101
-9
-110
90
6
61
-124
51
124
-77
94
63
11
66
115
-122
-99
9
-126
-33
-22
-46
-100
47
-5
-93
115
-100
125
-16
-111
64
-94
-40
-128
-96
12
29
112
-16
103
84
70
-42
-76
72
87
117
100
-81
48
22
-119
68
-79
-62
15
-116
72
-118
14
104
-2
-127
127
-82
-74
95
-127
-80
-121
-69
96
-19
-68
-65
-101
106
-98
29
-38
-89
65
-128
-10
-103
112
-16
-41
11
55
90
74
54
17
51
36
-128
-34
-9
68
85
-121
36
86
-125
61
112
1
-125
-112
-95
-27
75
125
47
-127
-112
-93
-32
72
-87
-7
-120
94
-39
89
116
80
-56
79
-65
64
-28
40
-86
-121
-74
-126
-62
-102
71
-118
75
23
71
-110
-35
-71
-89
22
-16
-1
-121
-100
-121
95
-114
15
-125
-65
76
-30
-109
8
105
111
-115
85
-44
69
-11
-7
43
107
-91
-22
54
-51
87
-58
-39
-57
-31
127
-113
-64
65
-74
88
-65
-76
-25
-128
71
-117
120
100
-89
-105
119
-121
-96
-52
-46
-4
-45
59
-39
-81
-97
92
-68
-47
-1
-128
-37
37
53
6
-5
11
50
89
42
60
32
-91
112
45
86
9
50
-104
-128
-97
-125
-65
79
-125
51
68
0
-113
8
-122
-118
-5
114
-72
-81
-28
-12
-13
-29
127
60
66
15
-50
-104
81
-66
-107
-49
-58
-100
127
72
-4
115
1
-41
-91
20
113
-12
-34
9
49
-96
-72
125
-97
14
127
-115
120
68
112
62
113
9
63
-121
120
-67
39
82
-71
87
-100
-64
113
64
25
24
-12
66
98
-8
37
76
-8
-113
-89
112
96
-15
3
-29
-60
16
124
-120
-80
-27
-113
86
-14
-27
-101
10
-62
113
-90
-128
-65
-32
-1
-125
127
32
-113
-99
-127
-29
63
-112
73
-126
103
2
-125
63
65
125
-29
7
-106
-121
-8
-5
-65
-100
-128
-31
-128
64
-105
-128
-70
120
-128
-98
-97
74
49
-125
73
-117
-36
-7
116
-126
67
127
-55
-33
-1
103
116
-68
-1
-8
-50
112
127
-98
-71
48
60
-40
92
-119
-40
-40
-40
-68
-109
-33
-1
67
4
-9
-29
-53
101
121
31
21
-77
-3
-57
-16
-56
-40
-69
0
70
52
-123
-124
99
50
50
82
34
53
-28
-6
-113
-112
61
-64
27
-113
-63
-112
-80
99
-101
-121
-128
126
-18
50
69
-63
126
-99
-11
90
3
52
-82
24
60
-45
34
8
-2
42
-53
106
26
-55
88
55
-83
-39
-30
127
84
-105
107
108
60
20
20
55
38
-19
3
34
-74
44
103
124
18
-94
-32
46
-30
-38
8
-75
59
-21
29
105
54
22
74
-117
-38
-124
74
81
57
-51
-93
-1
-67
2
32
-104
-20
107
73
10
-44
-106
-62
-26
-42
10
88
-92
62
22
-105
72
-106
121
98
69
-22
-31
118
-84
-100
-83
100
88
17
56
9
39
19
11
85
10
18
41
6
58
42
-113
-116
15
59
92
92
89
79
-127
117
-3
-66
-128
-96
108
71
114
46
108
55
45
54
-83
37
-1
-128
