1
1
1
1
1
1
1
0
1
1
1
1
1
1
1
1
1
1
1
1
1
1
1
1
1
1
1
1
1
1
1
0
1
1
1
2
1
1
1
1
1
1
1
1
1
1
1
1
1
1
1
1
1
1
1
1
1
1
1
1
1
1
1
1
1
1
1
1
1
1
1
1
0
1
1
1
1
1
0
0
1
1
1
1
1
2
1
1
1
1
1
1
1
1
2
1
1
1
1
1
0
1
1
1
1
1
2
1
2
1
1
1
1
1
1
2
1
1
1
1
1
1
1
0
1
1
1
1
1
1
1
1
1
1
0
1
1
1
1
1
1
0
1
1
1
1
1
1
1
1
1
1
1
1
1
1
1
1
1
1
1
1
1
1
1
1
1
1
1
1
1
2
1
1
1
1
1
1
1
1
1
1
1
1
1
1
1
1
1
1
1
1
1
1
1
1
1
1
1
1
1
1
1
1
1
1
1
1
1
1
1
1
1
1
1
1
1
0
2
0
1
1
1
1
1
1
1
1
1
1
1
1
1
1
1
1
1
1
1
1
1
1
1
1
1
1
1
1
1
1
1
2
1
1
1
1
1
1
1
1
1
1
1
1
1
1
1
1
1
0
1
1
1
1
1
1
0
1
1
1
1
1
1
1
1
1
1
1
1
1
1
1
1
1
1
1
1
1
1
1
1
1
1
1
1
1
1
1
1
1
1
1
1
1
1
1
1
0
1
1
0
1
1
1
1
1
1
1
1
1
1
1
1
1
1
1
1
0
1
1
1
1
1
1
1
1
1
1
1
1
1
1
0
1
1
1
0
1
1
1
1
1
1
1
1
1
1
1
0
1
1
1
1
1
1
2
1
1
1
1
1
1
1
1
1
1
1
1
0
1
1
1
1
1
1
1
1
1
1
1
1
1
1
1
1
1
1
1
1
1
1
1
2
1
1
2
1
1
1
2
1
1
0
1
1
2
1
1
1
1
1
1
1
1
1
1
1
1
1
1
1
1
1
1
1
1
1
1
1
1
1
1
1
1
1
1
1
1
1
1
0
1
0
1
1
1
1
1
1
0
1
1
1
1
1
1
1
1
1
1
1
1
1
1
1
1
1
1
1
1
1
0
1
1
1
1
1
1
1
1
1
1
1
1
1
1
1
1
1
1
1
1
1
1
1
1
1
1
1
1
1
1
1
1
1
1
1
1
1
1
1
1
1
1
1
1
1
1
1
1
1
1
1
1
1
1
1
1
1
1
1
1
1
1
0
1
1
1
1
1
1
1
1
1
1
1
1
1
1
1
1
2
1
1
1
1
1
1
1
1
1
1
1
1
1
1
1
1
1
1
1
0
1
1
1
1
1
1
1
1
1
1
1
1
1
1
1
1
1
0
1
1
1
1
1
1
1
1
1
1
1
1
1
1
1
1
1
1
1
1
1
1
1
1
1
1
0
1
1
1
1
1
1
1
1
1
1
1
0
1
1
1
1
1
1
1
1
1
1
1
1
1
1
1
1
1
1
1
1
1
1
1
1
1
1
1
1
1
0
1
1
1
1
1
1
1
1
1
1
1
1
0
1
1
0
1
1
0
1
1
1
1
1
1
-128
-128
-128
-128
-128
-128
-128
-128
-67
-128
16
-128
-38
-128
94
-128
-128
-128
-128
-128
-128
-128
-128
-128
112
127
-128
-128
-116
-128
-128
-128
1
1
0
1
1
1
1
1
1
1
1
1
1
1
1
1
1
1
1
1
1
1
1
1
1
1
1
1
1
1
1
1
1
1
1
1
1
1
1
1
1
1
1
1
1
1
1
1
1
1
1
1
2
1
1
1
1
1
1
1
2
1
1
1
1
1
1
1
1
1
1
1
1
1
1
1
1
1
1
1
1
1
1
1
1
1
1
1
0
1
1
1
1
1
1
1
1
1
1
1
1
1
1
1
1
1
1
2
1
1
1
1
1
1
1
1
1
0
0
1
1
0
2
1
1
1
1
1
1
1
1
1
1
1
1
1
1
1
1
1
1
1
1
1
1
1
1
1
1
1
2
1
1
1
1
1
1
1
1
1
1
1
1
1
1
1
1
1
1
1
1
1
1
1
1
1
1
1
1
0
1
1
1
0
1
1
1
1
1
1
1
1
1
1
1
1
1
1
1
1
1
1
1
1
1
1
1
1
1
1
1
1
1
1
1
1
1
1
1
1
1
1
1
1
1
1
1
1
1
1
1
1
1
1
1
1
1
1
1
1
1
1
1
0
1
1
1
1
1
1
2
1
1
1
1
1
1
1
1
1
1
1
1
1
97
100
101
95
99
89
91
89
89
26
78
-79
-36
-115
-105
-123
-122
-121
-125
-115
-121
-114
-116
-89
-114
31
-26
87
66
98
95
99
100
95
98
89
92
89
89
35
82
-74
-29
-114
-102
-122
-121
-122
-125
-116
-121
-114
-116
-96
-114
25
-34
85
63
98
94
100
99
97
98
90
93
89
89
41
84
-70
-23
-113
-100
-121
-121
-122
-125
-116
-122
-114
-115
-100
-115
20
-42
83
60
97
94
100
99
96
99
90
94
89
90
50
86
-65
-15
-111
-97
-121
-120
-122
-125
-116
-121
-113
-116
-105
-114
10
-55
81
55
98
94
100
100
96
99
89
93
89
89
57
87
-59
-7
-110
-93
-121
-119
-123
-125
-117
-122
-114
-116
-107
-114
5
-61
78
51
97
91
99
99
96
99
90
94
89
89
63
89
-54
2
-108
-90
-120
-118
-122
-125
-117
-122
-114
-116
-110
-115
-3
-69
75
47
96
90
99
99
97
99
91
94
89
89
68
88
-48
9
-107
-87
-120
-117
-123
-124
-117
-122
-114
-115
-111
-114
-9
-76
73
42
95
89
98
98
97
99
90
94
89
89
74
88
-42
18
-104
-83
-120
-116
-123
-123
-118
-122
-114
-116
-112
-114
-19
-85
69
36
96
88
100
99
97
100
91
95
88
88
79
88
-35
27
-102
-79
-119
-115
-123
-124
-119
-123
-114
-116
-112
-114
-27
-90
66
31
94
85
98
98
97
99
92
95
89
89
83
88
-27
36
-99
-74
-119
-114
-123
-124
-119
-123
-114
-116
-113
-114
-36
-97
62
24
94
83
98
98
98
99
92
96
89
88
85
88
-21
43
-97
-70
-118
-113
-123
-123
-119
-123
-114
-117
-113
-114
-43
-101
59
18
92
81
98
97
98
99
93
96
89
89
87
88
-13
51
-94
-65
-117
-111
-122
-122
-119
-123
-114
-118
-113
-114
-54
-106
54
9
92
80
99
98
99
100
93
97
87
89
88
88
-4
58
-91
-59
-116
-110
-122
-122
-119
-124
-114
-117
-112
-115
-62
-110
50
3
90
76
98
96
98
99
93
96
89
89
89
88
3
65
-88
-53
-116
-108
-122
-122
-119
-124
-114
-118
-113
-114
-69
-111
45
-5
90
74
98
96
99
99
94
97
89
90
88
88
12
69
-85
-48
-115
-107
-121
-122
-120
-124
-114
-119
-113
-115
-76
-112
41
-11
88
72
98
95
99
99
94
97
88
91
89
88
21
75
-80
-41
-114
-104
-122
-121
-120
-124
-113
-120
-112
-115
-86
-113
34
-22
88
69
99
96
100
100
95
98
89
91
89
88
29
79
-76
-33
-113
-103
-121
-121
-120
-124
-115
-120
-113
-114
-90
-113
29
-28
85
66
97
94
99
99
95
98
89
92
89
89
36
83
-72
-27
-113
-100
-121
-120
-120
-124
-115
-120
-113
-114
-96
-113
24
-37
83
61
97
94
99
99
95
98
90
93
89
89
43
84
-68
-21
-111
-97
-121
-120
-121
-124
-116
-121
-114
-115
-99
-114
18
-44
82
58
97
93
100
99
96
99
89
92
89
89
51
87
-64
-14
-110
-95
-120
-119
-121
-124
-116
-121
-113
-115
-104
-113
10
-54
81
55
98
94
100
100
96
99
90
94
88
88
58
87
-59
-7
-109
-93
-120
-119
-121
-124
-116
-121
-114
-115
-107
-113
6
-59
78
52
97
91
99
99
97
99
90
94
89
89
62
89
-54
0
-108
-91
-120
-118
-122
-124
-117
-121
-114
-116
-109
-114
0
-67
77
48
97
91
99
99
97
99
91
94
89
90
67
89
-51
6
-106
-88
-120
-118
-121
-124
-117
-121
-114
-116
-110
-114
-6
-72
74
45
96
90
99
99
97
99
91
95
89
89
72
89
-45
14
-106
-85
-120
-117
-122
-124
-117
-121
-114
-116
-111
-113
-14
-81
72
40
96
90
100
99
98
100
91
95
89
89
76
89
-39
21
-104
-82
-120
-116
-123
-124
-118
-123
-114
-116
-112
-114
-19
-85
69
36
95
87
99
99
97
100
92
96
90
89
80
89
-34
28
-102
-79
-119
-115
-122
-124
-118
-122
-114
-116
-113
-114
-25
-90
67
32
95
86
99
99
98
100
92
96
90
89
83
89
-29
34
-101
-76
-119
-115
-123
-124
-119
-122
-114
-117
-113
-115
-32
-95
65
27
94
84
99
99
99
100
93
96
89
90
85
90
-24
40
-99
-72
-119
-114
-123
-123
-119
-124
-114
-117
-112
-114
-41
-99
61
21
94
83
100
100
99
101
93
97
89
90
87
88
-18
47
-96
-69
-118
-113
-123
-124
-120
-123
-114
-118
-114
-115
-46
-103
58
16
93
81
99
98
99
100
94
96
90
89
88
90
-11
52
-94
-64
-117
-112
-123
-123
-120
-124
-114
-118
-113
-115
-53
-107
56
12
92
80
99
98
99
101
94
97
90
90
89
89
-6
57
-92
-61
-117
-111
-123
-123
-120
-124
-115
-119
-113
-115
-57
-108
52
6
92
78
99
98
99
100
94
97
90
91
90
89
0
62
-90
-56
-117
-111
-123
-123
-121
-124
-114
-119
-113
-115
-67
-111
48
-1
92
76
100
99
99
100
94
98
89
91
89
89
6
67
-88
-52
-116
-109
-123
-123
-120
-125
-114
-120
-113
-115
-71
-112
45
-6
90
74
98
97
100
100
-113
-117
-112
89
92
90
89
18
74
-82
-42
-115
-106
-122
-122
-121
-126
-115
-120
-113
-115
-82
-113
38
-17
88
70
98
96
100
100
95
98
89
92
90
89
26
78
-79
-37
-115
-104
-122
-121
-121
-125
-115
-120
-113
-115
-89
-114
32
-26
88
67
100
96
101
100
96
99
89
92
90
89
32
80
-75
-31
-114
-102
-122
-121
-121
-125
-115
-120
-113
-116
-93
-114
28
-31
85
65
98
94
99
99
96
98
90
93
90
89
38
84
-71
-25
-113
-100
-122
-121
-121
-126
-116
-121
-114
-115
-98
-114
22
-39
84
61
98
94
100
100
96
99
90
93
89
89
44
86
-68
-21
-112
-98
-121
-121
-122
-125
-116
-121
-114
-116
-101
-114
18
-45
82
59
98
94
100
100
96
99
90
93
89
89
51
88
-64
-13
-111
-96
-121
-120
-122
-124
-116
-122
-114
-116
-105
-114
11
-54
81
56
98
94
100
100
97
99
90
94
89
88
56
88
-60
-8
-110
-94
-121
-119
-123
-125
-117
-122
-114
-116
-108
-115
6
-59
79
53
97
91
99
99
97
99
90
94
90
89
63
89
-55
0
-108
-91
-121
-118
-123
-125
-117
-122
-114
-116
-110
-114
-1
-67
76
48
97
91
99
99
97
100
91
94
90
89
67
89
-50
6
-107
-88
-121
-118
-123
-124
-117
-122
-115
-116
-111
-114
-6
-73
75
45
96
90
99
99
97
100
91
95
89
89
72
89
-45
14
-105
-85
-120
-117
-122
-125
-118
-122
-114
-116
-112
-114
-16
-82
71
39
96
89
100
100
98
100
89
95
88
86
77
87
-38
23
-102
-81
-119
-116
-123
-124
-119
-122
-115
-117
-112
-114
-23
-88
69
34
95
87
100
99
98
100
90
96
88
87
81
87
-31
32
-100
-77
-118
-114
-123
-124
-119
-123
-114
-117
-113
-114
-32
-94
-128
-128
-99
-128
32
-128
-128
-128
-128
-128
-128
-128
-114
-128
24
-128
-128
-128
-128
-128
-128
-128
-127
-128
-128
127
-1
-128
-128
-128
-128
-128
93
81
100
99
100
102
95
98
91
91
90
90
-7
57
-94
-62
-118
-112
-124
-123
-121
-125
-115
-119
-113
-116
-54
-108
55
10
94
80
100
99
100
101
94
98
91
91
90
90
-5
58
-92
-60
-118
-112
-124
-124
-120
-125
-115
-119
-113
-115
-60
-109
53
6
94
80
100
100
100
102
95
98
90
90
89
90
-3
60
-92
-59
-118
-111
-123
-123
-121
-125
-115
-118
-114
-116
-60
-110
52
5
92
78
100
99
100
101
94
97
91
91
90
91
0
62
-91
-57
-118
-111
-124
-123
-121
-125
-115
-120
-114
-116
-62
-111
51
2
92
78
100
98
99
100
95
98
90
91
90
90
1
64
-90
-56
-117
-110
-123
-123
-121
-125
-115
-120
-114
-117
-65
-111
50
1
91
77
99
98
100
100
95
98
90
91
90
89
4
66
-89
-54
-117
-110
-123
-123
-121
-125
-115
-120
-113
-115
-69
-112
47
-4
92
76
100
99
100
101
95
98
89
90
90
89
7
67
-88
-51
-117
-110
-124
-123
-121
-125
-115
-120
-114
-116
-71
-112
45
-5
91
75
99
98
100
100
95
98
90
91
90
90
10
70
-87
-49
-117
-109
-123
-123
-121
-126
-115
-120
-113
-116
-74
-113
43
-8
91
74
99
97
100
100
95
98
89
91
90
90
13
71
-85
-47
-117
-108
-123
-122
-121
-125
-115
-119
-114
-116
-76
-113
42
-11
89
73
99
97
100
100
95
98
90
92
90
90
16
74
-84
-45
-116
-107
-123
-123
-121
-125
-115
-120
-113
-115
-80
-113
38
-15
89
72
100
97
101
101
95
98
89
91
89
89
19
75
-82
-41
-115
-106
-123
-123
-121
-125
-115
-120
-114
-116
-82
-114
37
-17
88
70
98
96
99
99
95
98
90
91
90
89
22
77
-81
-39
-115
-105
-122
-122
-121
-125
-116
-120
-114
-116
-85
-114
36
-20
88
70
98
96
100
100
95
98
89
92
89
90
25
78
-79
-38
-115
-105
-122
-121
-122
-125
-115
-121
-114
-116
-87
-114
33
-22
86
68
98
95
100
100
95
98
89
91
89
89
30
80
-77
-33
-114
-103
-122
-121
-121
-125
-116
-121
-114
-115
-91
-114
30
-28
87
67
99
96
100
100
95
98
89
92
88
89
32
81
-75
-30
-114
-102
-122
-121
-121
-125
-115
-120
-114
-115
-92
-114
27
-31
85
65
97
95
99
99
95
98
89
92
89
89
36
83
-73
-28
-113
-101
-122
-121
-121
-125
-116
-121
-114
-116
-96
-114
25
-34
84
63
97
95
99
99
95
98
89
92
89
88
39
83
-71
-25
-113
-100
-121
-121
-121
-125
-116
-121
-114
-115
-97
-114
23
-37
84
62
97
94
99
99
96
98
90
92
89
89
43
84
-69
-21
-113
-98
-121
-121
-121
-125
-115
-121
-113
-115
-100
-114
20
-44
83
60
99
94
100
100
96
99
89
92
88
88
45
84
-67
-19
-112
-98
-121
-120
-122
-125
-116
-121
-114
-116
-100
-114
17
-44
82
59
97
93
99
99
96
98
90
93
88
89
49
87
-65
-15
-111
-96
-121
-120
-122
-125
-116
-121
-114
-115
-102
-114
15
-49
82
58
98
93
99
99
96
99
89
93
89
89
51
86
-64
-13
95
88
99
98
96
99
90
95
89
89
73
89
-42
16
-105
-84
-119
-116
-122
-124
-118
-122
-114
-116
-112
-115
-13
-79
71
40
95
88
99
99
97
99
91
95
89
89
74
89
-41
17
-104
-83
-120
-117
-122
-124
-117
-122
-113
-115
-110
-113
-15
-81
72
39
97
89
99
99
97
99
90
95
89
88
74
88
-42
18
-105
-83
-120
-116
-122
-124
-118
-122
-114
-116
-112
-114
-14
-80
70
39
95
88
99
99
97
100
91
94
89
89
75
88
-41
19
-104
-83
-119
-116
-122
-123
-118
-122
-114
-116
-111
-114
-16
-81
71
38
95
88
98
98
97
99
91
95
89
89
75
89
-41
18
-105
-83
-119
-117
-122
-123
-117
-122
-114
-116
-111
-114
-15
-81
71
39
95
88
99
98
98
100
91
95
89
89
76
90
-40
20
-103
-83
-119
-116
-122
-124
-118
-122
-113
-115
-112
-114
-18
-84
70
37
96
87
100
100
97
100
91
95
88
88
75
88
-40
20
-104
-82
-119
-116
-122
-123
-118
-123
-114
-116
-112
-114
-16
-82
70
38
95
87
99
98
97
99
91
95
89
89
77
88
-39
22
-103
-81
-119
-116
-123
-123
-118
-122
-113
-116
-111
-114
-17
-83
70
38
95
88
99
99
97
100
91
95
90
88
76
89
-39
21
-104
-82
-119
-116
-122
-124
-119
-122
-114
-116
-112
-114
-17
-83
69
37
95
88
99
98
97
100
91
95
89
89
76
89
-38
22
-103
-81
-120
-116
-122
-123
-119
-122
-114
-116
-112
-114
-19
-85
70
36
96
88
100
100
97
100
91
95
89
88
77
89
-38
23
-103
-81
-119
-116
-123
-124
-118
-122
-114
-116
-111
-114
-18
-84
70
37
95
87
99
98
97
99
91
96
90
89
78
89
-37
24
-103
-81
-119
-116
-122
-124
-118
-122
-114
-116
-112
-114
-21
-86
69
35
95
87
99
99
98
100
92
96
89
89
78
89
-36
25
-103
-80
-119
-116
-122
-123
-118
-122
-114
-116
-112
-114
-21
-86
69
35
94
87
99
99
97
100
92
95
90
89
80
89
-34
28
-102
-79
-119
-115
-123
-123
-118
-122
-114
-116
-112
-114
-26
-89
68
32
95
88
100
99
98
100
91
96
89
89
81
88
-33
30
-101
-78
-119
-115
-123
-124
-118
-122
-114
-116
-112
-114
-25
-90
67
32
94
86
99
98
98
99
92
96
90
89
81
89
-31
32
-101
-77
-119
-115
-122
-124
-119
-123
-114
-116
-113
-114
-28
-91
66
30
95
86
99
98
98
100
92
95
89
89
82
89
-30
34
-101
-76
-119
-115
-123
-124
-118
-123
-114
-117
-113
-114
-29
-92
66
29
94
85
99
99
98
100
92
95
89
89
83
89
-27
36
-100
-74
-119
-114
-123
-123
-119
-122
-114
-117
-112
-114
-35
-97
63
25
95
85
99
99
99
100
92
96
89
89
84
88
-25
39
-99
-73
-118
-114
-123
-124
-119
-123
-114
-117
-113
-115
-36
-97
63
24
93
83
98
98
98
100
93
96
89
89
85
88
-21
42
-97
-70
-118
-113
-123
-123
-119
-123
-114
-117
-113
-114
-41
-100
61
21
93
82
99
98
98
100
92
96
90
89
85
88
-19
45
-97
-69
-118
-113
-122
-123
-119
-123
-113
-117
-113
-115
-43
-101
60
19
93
81
98
97
98
100
93
97
89
89
86
88
-16
48
-96
-67
-118
-112
-123
-123
-119
-123
-114
-118
-112
-114
-50
-104
57
14
93
81
100
99
99
101
93
97
89
89
87
88
-11
52
-94
-65
-118
-112
-122
-123
-119
-123
-114
-118
-112
-115
-52
-106
56
12
92
79
98
97
98
100
93
96
90
89
88
89
-8
56
-92
-61
-117
-111
-122
-123
-119
-124
-114
-118
-113
-115
-56
-108
54
8
92
79
99
97
99
100
94
97
89
89
89
89
-4
58
-92
-60
-117
-111
-123
-122
-120
-123
-114
-118
-113
-115
-58
-108
52
6
91
78
98
97
98
100
94
97
90
90
89
89
-1
61
-90
-56
-117
-110
-122
-122
-120
-124
-114
-119
-113
-115
-65
-110
48
0
92
77
99
98
99
100
94
97
89
89
88
88
3
65
-88
-53
-116
-109
-122
-122
-120
-124
-114
-119
-113
-115
-67
-111
47
-2
90
75
99
97
98
100
95
97
89
90
89
89
8
68
-87
-50
-116
-108
-122
-122
-120
-124
-114
-119
-113
-115
-71
-112
44
-7
89
74
99
97
99
100
94
97
90
90
89
89
11
70
-85
-48
-115
-108
-122
-122
-120
-124
-115
-119
-113
-115
-73
-112
44
-8
89
73
98
96
99
100
94
98
89
91
90
89
14
73
-83
-46
-115
-106
-122
-122
-119
-124
-114
-119
-113
-114
-80
-112
39
-15
89
72
99
96
100
100
94
98
89
90
88
88
19
74
-82
-42
-115
-105
-122
-121
-121
-124
-115
-119
-113
-115
-82
-113
37
-17
88
70
98
96
99
99
94
97
89
90
90
88
23
76
-79
-38
-114
-104
-121
-121
-120
-124
-115
-120
-113
-115
-85
-114
35
-21
87
69
98
95
99
100
95
99
90
92
89
89
26
78
-78
-36
-114
-103
-121
-121
-120
-124
-115
-120
-113
-115
-87
-114
33
-23
87
68
98
96
99
99
95
98
-118
-122
89
88
33
80
-74
-30
-113
-101
-121
-121
-121
-125
-115
-120
-113
-116
-93
-113
28
-31
85
64
98
94
99
99
95
99
89
92
89
89
36
82
-72
-26
-113
-100
-121
-121
-121
-124
-115
-120
-114
-115
-95
-114
26
-34
84
63
98
94
99
99
95
98
89
92
89
89
39
83
-71
-25
-112
-100
-121
-120
-120
-125
-115
-120
-113
-115
-96
-114
23
-37
84
62
97
94
100
99
96
99
90
92
89
90
43
84
-68
-21
-112
-98
-121
-120
-121
-125
-115
-121
-113
-115
-100
-113
19
-44
84
60
99
95
100
100
96
99
89
93
88
89
45
86
-67
-18
-111
-97
-121
-120
-121
-124
-116
-121
-114
-115
-101
-114
18
-46
82
58
97
93
99
99
96
99
90
94
89
89
49
87
-65
-15
-111
-96
-121
-120
-122
-125
-116
-121
-114
-116
-102
-114
15
-48
82
57
97
92
99
99
96
100
90
93
89
89
52
87
-64
-13
-111
-96
-120
-120
-122
-124
-117
-121
-113
-115
-103
-114
14
-51
80
56
97
93
99
99
96
99
90
93
89
89
54
88
-61
-10
-111
-94
-121
-119
-122
-124
-116
-121
-114
-115
-105
-113
9
-56
80
55
98
93
101
100
96
100
90
94
88
88
57
87
-59
-6
-109
-93
-121
-118
-122
-124
-117
-122
-114
-115
-107
-114
7
-59
78
52
97
91
100
99
97
99
90
94
89
89
60
88
-57
-2
-109
-91
-120
-118
-122
-125
-117
-121
-114
-115
-108
-114
4
-63
78
51
96
91
100
99
97
100
91
94
90
89
62
88
-55
-1
-108
-91
-120
-118
-122
-124
-117
-122
-114
-115
-109
-114
3
-64
77
49
96
91
100
99
97
99
90
95
89
88
65
89
-52
3
-108
-89
-120
-119
-122
-124
-117
-122
-114
-115
-110
-114
-3
-69
76
48
97
91
100
101
97
101
91
94
89
89
67
88
-50
6
-107
-88
-120
-118
-123
-124
-117
-122
-114
-115
-110
-114
-4
-72
74
46
96
90
99
99
97
99
90
95
89
89
69
89
-48
10
-107
-86
-120
-117
-122
-124
-118
-121
-114
-116
-111
-114
-8
-75
74
44
96
89
100
99
97
100
91
95
89
89
71
89
-46
13
-105
-86
-120
-117
-122
-124
-118
-122
-114
-116
-111
-114
-9
-76
72
42
96
89
99
99
97
99
91
95
89
89
73
89
-43
17
-105
-84
-120
-116
-123
-124
-118
-122
-114
-116
-112
-114
-15
-81
72
39
96
89
100
100
98
100
91
96
89
88
75
89
-40
20
-104
-82
-120
-117
-122
-124
-118
-122
-113
-116
-112
-115
-16
-83
71
39
95
87
99
99
97
99
91
95
90
89
77
89
-38
23
-103
-82
-120
-116
-122
-124
-118
-122
-114
-115
-112
-115
-20
-86
69
36
95
87
99
99
98
100
91
96
89
89
78
90
-36
25
-103
-81
-119
-115
-122
-123
-118
-122
-114
-117
-112
-114
-21
-87
69
35
95
87
99
99
98
99
92
96
90
89
80
89
-34
29
-102
-79
-119
-115
-123
-124
-119
-123
-114
-116
-112
-114
-28
-92
67
31
96
87
100
100
98
100
93
96
89
88
82
89
-31
32
-101
-77
-119
-115
-123
-124
-119
-123
-114
-117
-113
-115
-29
-92
66
29
94
85
98
98
98
101
92
96
90
90
84
89
-27
37
-100
-75
-119
-114
-123
-124
-119
-123
-114
-117
-113
-115
-33
-95
64
26
94
84
99
99
99
100
92
96
89
89
84
89
-25
38
-99
-73
-119
-113
-123
-123
-119
-123
-114
-117
-113
-115
-35
-97
63
25
94
83
99
98
98
99
93
96
90
89
85
88
-21
42
-98
-71
-118
-113
-123
-124
-119
-123
-114
-117
-113
-115
-41
-100
61
20
94
83
99
99
99
100
93
97
89
89
86
88
-18
45
-97
-69
-119
-112
-123
-123
-120
-124
-114
-117
-113
-115
-44
-101
60
18
93
82
99
98
98
100
93
96
90
90
88
89
-15
49
-96
-67
-118
-112
-123
-122
-120
-124
-114
-118
-113
-114
-48
-104
58
15
92
81
99
98
98
100
93
96
89
89
87
89
-13
51
-95
-65
-118
-112
-123
-123
-120
-124
-114
-117
-114
-115
-50
-105
56
13
92
80
98
97
99
100
93
97
89
90
88
89
-10
54
-94
-63
-117
-111
-122
-122
-120
-124
-115
-118
-113
-114
-55
-107
55
9
93
80
100
99
99
101
94
97
89
89
88
88
-7
57
-92
-61
-117
-112
-123
-123
-120
-124
-115
-118
-114
-115
-56
-108
53
7
91
78
98
97
99
100
94
97
89
90
89
89
-3
60
-92
-58
-117
-111
-123
-122
-120
-125
-114
-119
-113
-116
-61
-109
51
4
91
77
99
98
99
100
94
97
89
90
89
88
0
62
-90
-57
-116
-109
-123
-122
-120
-124
-115
-119
-113
-115
-63
-110
49
2
91
77
98
97
99
100
94
97
89
90
89
88
3
64
-89
-54
-116
-109
-123
-122
-120
-124
-114
-119
-113
-116
-68
-111
47
-4
91
76
100
98
99
101
94
97
89
90
89
88
7
68
-87
-51
-116
-109
-122
-123
-120
-124
-114
-119
-113
-115
-70
-112
44
-5
90
74
98
97
99
100
94
97
90
91
89
89
11
70
-85
-48
-115
-108
92
99
99
97
99
90
94
89
90
61
89
-56
-2
-108
-91
-121
-118
-122
-124
-117
-121
-114
-115
-108
-113
3
-63
78
52
97
92
100
99
97
100
91
95
90
89
62
89
-55
0
-109
-90
-121
-118
-122
-125
-117
-121
-114
-115
-109
-114
2
-65
78
50
97
91
99
100
97
100
90
94
90
90
65
89
-52
4
-108
-89
-120
-118
-122
-124
-117
-122
-114
-116
-111
-115
-4
-71
76
46
98
92
101
102
98
102
91
95
89
90
68
88
-49
8
-107
-88
-121
-118
-122
-124
-117
-122
-112
-115
-111
-113
-5
-73
74
45
96
89
99
99
97
100
89
94
88
87
70
88
-47
12
-106
-86
-120
-117
-123
-124
-118
-122
-113
-115
-111
-112
-11
-78
74
42
98
91
101
101
98
100
90
95
88
88
72
87
-44
15
-106
-85
-120
-117
-123
-124
-118
-122
-114
-116
-111
-114
-12
-78
71
41
96
89
99
98
97
99
91
95
89
89
75
89
-41
19
-104
-83
-120
-117
-122
-124
-118
-123
-113
-116
-112
-114
-17
-84
71
38
96
88
100
99
97
100
91
95
89
88
77
88
-37
23
-103
-81
-119
-116
-123
-124
-118
-122
-114
-116
-112
-114
-20
-85
69
36
94
86
99
98
97
99
91
96
89
90
79
89
-35
27
-102
-79
-119
-115
-123
-124
-118
-122
-114
-116
-112
-114
-24
-88
67
33
95
87
98
99
98
100
92
96
89
88
80
88
-33
30
-101
-78
-119
-115
-122
-123
-118
-122
-114
-116
-113
-115
-26
-90
66
31
94
85
98
98
98
100
92
96
89
89
82
89
-29
34
-100
-76
-119
-114
-122
-123
-119
-122
-114
-116
-112
-114
-33
-95
64
26
95
85
99
99
98
100
92
96
89
89
84
88
-26
38
-99
-73
-119
-114
-122
-123
-119
-123
-114
-117
-113
-115
-37
-97
61
23
92
82
98
96
97
99
92
96
89
89
84
87
-22
42
-98
-71
-118
-113
-122
-123
-119
-123
-114
-117
-113
-114
-42
-99
58
19
91
80
97
96
98
99
93
96
88
89
85
87
-18
45
-96
-68
-117
-112
-122
-122
-119
-123
-114
-116
-112
-114
-45
-101
58
16
91
80
97
96
97
98
91
95
88
88
86
87
-12
50
-94
-65
-117
-111
-122
-122
-119
-123
-113
-117
-111
-114
-53
-105
54
10
92
78
99
97
98
99
92
96
87
88
86
86
-9
54
-92
-62
-116
-110
-121
-122
-119
-123
-114
-117
-113
-114
-54
-105
53
8
89
78
97
96
97
98
92
96
88
89
88
87
-5
57
-91
-59
-116
-109
-121
-122
-119
-123
-113
-117
-112
-114
-59
-107
51
5
90
77
97
97
98
99
93
96
88
89
88
88
-2
60
-90
-56
-116
-110
-122
-121
-119
-123
-113
-117
-112
-114
-61
-109
49
3
90
76
98
96
98
99
93
96
88
89
89
88
4
64
-87
-53
-115
-108
-122
-121
-119
-123
-113
-117
-112
-114
-69
-110
45
-5
90
74
100
98
100
100
94
98
88
90
87
87
8
67
-86
-49
-115
-107
-121
-121
-119
-124
-114
-118
-112
-114
-71
-111
44
-7
89
74
97
96
99
99
95
97
89
90
89
89
13
71
-84
-46
-115
-106
-121
-121
-120
-123
-114
-119
-113
-115
-75
-112
41
-11
89
72
99
96
99
100
94
98
89
91
90
89
17
73
-83
-44
-115
-105
-122
-121
-120
-124
-114
-119
-113
-115
-78
-112
41
-13
89
72
99
96
100
100
96
98
90
92
89
89
21
76
-80
-40
-114
-105
-122
-121
-120
-124
-114
-119
-113
-115
-84
-112
36
-20
89
70
100
97
100
100
95
99
89
91
90
89
26
79
-79
-36
-114
-103
-122
-121
-121
-125
-115
-120
-113
-115
-86
-113
35
-22
87
70
99
96
100
100
96
99
91
93
90
90
31
80
-76
-32
-114
-102
-121
-122
-121
-125
-115
-121
-113
-115
-90
-114
31
-27
88
67
99
96
100
100
96
99
90
93
90
91
34
82
-75
-30
-113
-102
-122
-121
-121
-125
-116
-121
-114
-116
-92
-114
30
-29
86
66
99
96
100
100
96
100
90
94
90
90
38
84
-72
-26
-113
-101
-122
-121
-122
-125
-116
-121
-114
-116
-98
-114
25
-37
86
64
100
97
101
101
97
100
91
94
90
90
43
85
-70
-22
-113
-99
-122
-121
-122
-126
-117
-121
-114
-116
-100
-115
20
-41
83
60
98
94
101
100
96
100
90
93
89
89
47
86
-67
-18
-112
-97
-122
-121
-122
-126
-117
-122
-115
-115
-102
-114
16
-48
82
58
97
93
99
99
96
98
89
93
90
89
50
87
-65
-14
-111
-96
-122
-121
-122
-125
-116
-122
-114
-116
-104
-114
13
-52
80
56
98
92
100
99
96
99
90
94
90
89
55
87
-60
-9
-111
-94
-121
-120
-122
-126
-117
-122
-114
-115
-106
-114
7
-58
80
53
98
93
100
100
96
100
90
94
89
89
59
88
-58
-4
-110
-92
-121
-119
-122
-125
-117
-122
-114
-116
-108
-114
4
-63
78
51
97
91
99
100
97
99
91
94
89
89
63
89
-54
1
-108
-90
-120
-119
-123
-125
-118
-122
-114
-116
-110
-114
-1
-67
76
48
97
92
100
99
96
100
90
95
-114
70
90
-48
11
-106
-87
-120
-118
-123
-125
-118
-122
-114
-116
-112
-114
-10
-78
73
42
97
90
100
100
97
100
91
95
89
89
73
89
-44
16
-105
-84
-120
-116
-123
-124
-118
-122
-114
-116
-113
-114
-15
-81
71
39
95
88
100
99
97
100
91
96
90
89
77
89
-38
23
-104
-82
-120
-116
-123
-124
-118
-122
-114
-117
-113
-115
-21
-86
69
35
95
87
99
99
97
101
92
95
90
89
80
89
-35
27
-103
-80
-120
-115
-123
-124
-119
-123
-114
-116
-113
-114
-25
-90
67
32
94
87
99
99
98
100
92
96
89
89
82
89
-30
33
-101
-76
-119
-115
-122
-124
-119
-123
-114
-117
-113
-115
-33
-95
64
26
95
85
99
99
98
100
92
96
89
88
84
88
-25
40
-99
-73
-118
-114
-123
-124
-119
-123
-114
-117
-113
-115
-38
-98
62
22
93
82
98
98
98
100
92
95
89
88
86
89
-19
45
-97
-69
-118
-113
-123
-123
-119
-123
-114
-117
-113
-115
-45
-102
59
17
93
82
98
97
98
100
92
96
89
90
87
88
-14
50
-95
-66
-118
-112
-122
-123
-119
-124
-114
-117
-113
-114
-50
-105
56
13
92
80
98
97
98
100
93
96
89
89
88
88
-8
55
-93
-62
-117
-111
-123
-122
-119
-124
-114
-118
-112
-114
-59
-108
52
6
92
79
100
98
99
101
93
97
89
89
88
88
-2
60
-90
-57
-116
-109
-122
-122
-120
-123
-114
-118
-113
-114
-63
-110
49
1
90
76
98
97
99
100
94
97
88
90
89
88
4
65
-88
-53
-116
-109
-122
-122
-120
-124
-114
-118
-112
-115
-69
-111
45
-4
90
75
99
97
98
100
94
97
89
90
89
88
8
68
-86
-50
-115
-108
-122
-122
-120
-124
-114
-119
-113
-114
-73
-112
43
-8
89
73
98
96
99
99
94
97
88
90
88
88
15
72
-83
-45
-115
-106
-121
-121
-120
-125
-114
-119
-113
-114
-81
-112
38
-16
88
71
99
96
99
99
94
97
88
90
88
87
22
76
-80
-40
-115
-105
-122
-121
-120
-125
-114
-119
-113
-115
-85
-113
34
-21
87
68
97
94
98
98
94
96
89
91
89
89
27
79
-77
-34
-113
-103
-121
-121
-120
-124
-115
-119
-113
-115
-89
-114
31
-26
85
66
98
95
99
99
95
97
89
92
89
88
32
80
-75
-30
-113
-101
-121
-120
-120
-124
-115
-120
-113
-115
-92
-114
28
-29
85
64
97
94
99
99
95
98
89
92
89
88
37
82
-72
-26
-112
-100
-121
-120
-120
-124
-115
-120
-113
-115
-97
-113
22
-39
85
62
99
95
99
100
95
98
88
92
88
88
42
84
-68
-21
-112
-98
-121
-120
-121
-124
-115
-120
-113
-115
-99
-113
19
-42
82
59
97
93
99
99
95
98
89
92
89
88
48
86
-65
-16
-110
-96
-121
-119
-121
-124
-115
-121
-113
-115
-102
-113
14
-49
81
57
97
92
100
99
96
99
89
93
88
88
52
87
-62
-12
-110
-95
-120
-119
-121
-124
-115
-120
-114
-115
-104
-113
11
-52
80
55
96
92
99
98
96
99
90
93
89
88
57
87
-59
-8
-109
-93
-120
-118
-121
-124
-116
-121
-113
-115
-106
-114
5
-60
79
52
98
92
100
99
96
99
90
93
88
88
60
88
-56
-2
-109
-91
-120
-119
-122
-124
-116
-121
-113
-115
-108
-113
3
-64
77
49
96
90
99
98
96
99
90
94
89
88
64
89
-53
2
-107
-89
-120
-118
-122
-124
-117
-122
-114
-116
-109
-113
-1
-68
75
47
96
90
99
99
97
99
91
94
89
88
66
89
-51
5
-107
-88
-120
-118
-122
-124
-117
-121
-114
-115
-110
-114
-3
-70
75
46
96
90
99
99
97
99
91
94
89
88
70
89
-48
10
-106
-87
-120
-117
-122
-124
-117
-122
-113
-115
-111
-113
-10
-76
74
42
97
90
100
100
97
100
91
95
88
89
71
88
-45
14
-105
-85
-120
-117
-122
-124
-118
-121
-113
-116
-112
-114
-12
-79
72
41
96
88
99
98
97
100
92
95
89
89
74
89
-41
18
-104
-84
-120
-116
-122
-124
-117
-122
-114
-115
-111
-114
-15
-82
71
38
95
88
99
98
97
100
91
95
89
88
76
88
-39
20
-104
-82
-120
-116
-122
-124
-118
-122
-114
-116
-112
-114
-17
-84
70
37
95
87
99
99
97
99
92
95
90
89
78
89
-37
25
-103
-81
-119
-115
-122
-124
-118
-122
-114
-116
-112
-114
-23
-88
68
34
96
88
100
99
98
100
92
96
90
88
80
88
-34
28
-102
-79
-120
-116
-123
-123
-118
-123
-114
-116
-112
-114
-25
-90
67
33
94
86
99
98
97
100
92
96
89
90
81
89
-31
31
-101
-78
-119
-115
-123
-123
-119
-123
-114
-117
-112
-114
-29
-92
65
30
95
86
99
99
98
100
92
96
89
89
82
89
-29
34
-100
-75
-119
-115
-123
-123
-119
-123
-114
-117
-113
-114
-30
-93
64
28
93
84
99
98
98
100
92
96
90
89
84
89
-26
38
-99
-73
-119
-114
-123
-124
-119
-123
-113
-117
-113
-114
-37
-97
63
24
95
85
100
100
99
101
92
96
89
89
85
88
-23
40
-98
-72
-119
-114
100
100
96
99
90
92
88
89
48
86
-65
-16
-111
-96
-121
-119
-121
-125
-116
-121
-114
-115
-103
-114
14
-50
81
57
97
93
99
99
96
99
90
94
89
89
54
87
-61
-10
-110
-95
-121
-119
-122
-125
-116
-122
-114
-115
-106
-114
8
-56
80
54
97
92
100
99
96
99
90
93
89
89
59
88
-57
-5
-109
-92
-121
-119
-122
-125
-117
-122
-114
-115
-108
-114
4
-62
78
51
96
91
100
99
96
100
90
95
89
89
65
89
-53
2
-107
-90
-120
-118
-122
-125
-117
-122
-114
-115
-109
-114
-4
-71
75
46
98
91
100
100
97
100
91
94
89
88
69
88
-48
9
-106
-87
-120
-118
-122
-124
-118
-122
-114
-116
-111
-114
-9
-76
73
42
95
89
99
99
98
100
91
95
89
89
73
89
-43
17
-105
-84
-120
-116
-123
-124
-118
-122
-114
-116
-112
-114
-16
-82
71
39
95
88
99
99
97
99
91
95
89
89
76
88
-39
22
-103
-81
-120
-117
-122
-124
-118
-122
-114
-116
-113
-114
-20
-86
69
36
95
87
99
98
97
99
92
96
89
89
81
89
-33
30
-101
-78
-119
-116
-123
-124
-119
-122
-114
-116
-112
-115
-29
-93
66
29
95
86
100
99
98
100
92
96
89
88
82
88
-27
36
-100
-75
-119
-114
-122
-124
-119
-123
-114
-117
-113
-115
-34
-96
63
25
94
84
99
98
98
100
92
96
89
89
85
89
-21
42
-98
-71
-118
-114
-123
-123
-119
-124
-114
-117
-113
-115
-41
-101
60
20
93
82
99
98
99
100
93
96
89
89
87
88
-17
47
-96
-68
-118
-112
-123
-123
-120
-123
-114
-117
-113
-116
-47
-104
57
16
92
81
98
98
99
100
93
97
89
90
88
88
-10
53
-93
-63
-118
-112
-123
-123
-120
-123
-114
-118
-112
-115
-56
-107
54
8
92
80
100
98
99
100
94
97
89
89
88
87
-3
59
-91
-59
-117
-110
-122
-123
-120
-124
-114
-119
-113
-115
-62
-110
50
2
90
77
99
96
99
99
94
96
89
90
89
88
4
64
-88
-54
-116
-109
-122
-122
-121
-124
-114
-119
-113
-115
-68
-111
47
-3
90
75
99
97
99
99
94
97
88
90
89
88
8
68
-86
-50
-116
-107
-122
-122
-120
-124
-115
-119
-113
-115
-73
-112
43
-8
89
73
97
96
99
99
94
97
90
91
90
88
16
73
-83
-45
-115
-106
-122
-122
-120
-125
-115
-120
-113
-115
-82
-112
38
-17
89
72
100
97
100
100
95
98
89
91
88
89
22
76
-81
-39
-114
-105
-122
-121
-121
-124
-115
-121
-113
-115
-86
-114
34
-22
87
68
98
95
100
99
95
98
90
92
90
89
29
80
-76
-34
-114
-103
-122
-121
-121
-125
-115
-120
-113
-116
-90
-114
30
-28
86
66
98
95
99
99
96
99
90
92
89
89
34
81
-74
-29
-113
-102
-122
-121
-121
-125
-116
-121
-114
-116
-94
-114
27
-33
85
63
98
95
100
99
95
99
89
93
89
89
40
84
-70
-25
-112
-100
-121
-120
-121
-125
-116
-121
-114
-116
-99
-114
21
-41
84
61
99
94
100
100
96
99
89
93
89
89
45
85
-68
-19
-112
-98
-121
-120
-122
-125
-115
-121
-114
-115
-101
-115
17
-46
82
58
98
94
100
99
96
99
90
93
89
90
51
87
-63
-13
-111
-96
-121
-120
-122
-125
-117
-121
-114
-116
-104
-114
12
-52
81
56
97
93
99
99
97
99
91
93
89
89
55
87
-61
-9
-111
-94
-121
-119
-122
-124
-117
-121
-114
-115
-106
-114
9
-56
80
54
97
91
99
99
97
99
90
94
89
89
60
88
-58
-3
-109
-92
-121
-119
-122
-125
-117
-122
-113
-115
-108
-113
1
-65
78
50
99
92
100
100
97
99
90
94
88
88
64
88
-53
2
-108
-89
-121
-118
-122
-124
-117
-122
-114
-116
-110
-114
-1
-68
76
47
96
91
99
99
97
99
91
94
90
89
68
89
-49
8
-107
-88
-121
-117
-122
-125
-118
-122
-114
-116
-111
-115
-6
-74
74
44
97
90
100
99
97
100
91
95
89
89
71
89
-46
13
-106
-86
-120
-117
-123
-124
-118
-122
-114
-116
-111
-115
-11
-79
72
41
95
89
99
99
98
100
91
95
89
89
75
89
-42
18
-105
-84
-119
-116
-123
-124
-118
-122
-114
-116
-112
-114
-18
-84
71
37
97
88
100
100
98
100
91
96
89
89
77
88
-37
24
-104
-81
-120
-116
-123
-124
-118
-123
-115
-117
-112
-115
-22
-87
69
35
94
87
99
99
98
100
92
95
90
89
80
89
-33
30
-102
-78
-120
-115
-123
-124
-118
-123
-114
-117
-113
-114
-28
-91
66
30
94
86
99
98
98
100
92
96
89
89
83
88
-28
35
-101
-76
-119
-115
-123
-123
-119
-122
-114
-117
-113
-114
-32
-95
64
27
94
85
99
99
98
99
93
97
90
89
85
89
-22
41
-99
-72
-119
-114
-122
-124
-119
-124
-114
-117
-112
-115
-41
-100
61
21
95
84
100
99
99
101
93
96
89
89
86
88
-18
46
-97
-69
-118
-113
-123
-124
-120
-124
-115
-118
-114
-115
-45
-102
60
17
93
81
99
98
99
100
93
96
-113
-115
-115
-121
-113
-115
-95
-114
26
-33
85
64
98
95
100
99
96
98
90
92
89
89
40
84
-70
-25
-113
-99
-122
-121
-122
-125
-116
-121
-114
-115
-98
-114
23
-39
84
61
98
94
100
99
96
99
90
93
89
89
46
87
-67
-18
-112
-97
-121
-120
-122
-125
-116
-121
-113
-115
-102
-114
16
-48
82
58
98
95
100
100
96
99
90
94
89
89
52
87
-63
-13
-111
-95
-121
-119
-122
-125
-116
-121
-114
-116
-105
-115
11
-53
80
55
97
92
99
99
96
99
90
94
89
89
57
88
-59
-6
-110
-93
-120
-120
-122
-125
-117
-122
-114
-115
-107
-114
6
-60
79
53
97
92
100
99
96
100
90
94
89
89
62
88
-56
-1
-109
-91
-121
-119
-122
-124
-117
-122
-114
-116
-109
-115
2
-64
77
50
97
92
99
99
97
99
90
95
89
89
66
89
-51
4
-108
-88
-121
-119
-123
-125
-118
-122
-113
-116
-110
-114
-6
-73
75
45
97
91
100
100
98
101
91
95
89
88
70
89
-47
10
-106
-87
-121
-117
-123
-125
-118
-122
-114
-116
-112
-114
-10
-76
73
43
96
89
99
99
97
100
92
95
89
89
75
89
-41
18
-105
-84
-120
-117
-123
-124
-119
-122
-114
-116
-112
-114
-17
-83
71
38
95
89
100
99
97
100
92
95
-109
-115
-117
-120
-120
-124
-122
-124
-121
-122
-120
-120
-116
-116
-114
-115
-114
-114
-113
-113
-105
-87
-57
-25
4
30
50
65
77
84
90
94
96
97
97
99
98
99
98
98
96
95
92
91
90
89
90
89
89
89
88
78
59
30
-2
-29
-54
-75
-89
-100
-107
-113
-116
-120
-120
-123
-122
-124
-122
-122
-120
-120
-116
-116
-114
-116
-114
-114
-112
-113
-107
-92
-63
-31
0
26
47
63
75
84
90
94
95
98
97
99
99
99
98
98
96
95
93
92
90
89
89
88
88
89
88
81
64
37
3
-26
-51
-71
-87
-99
-107
-113
-115
-120
-120
-123
-122
-124
-121
-123
-120
-120
-117
-116
-114
-115
-114
-114
-112
-113
-108
-94
-66
-36
-4
22
44
60
73
82
88
92
94
97
98
99
98
99
98
98
96
96
94
92
90
89
88
89
88
89
88
83
67
41
9
-21
-47
-69
-85
-98
-105
-112
-115
-119
-119
-123
-122
-124
-122
-122
-120
-120
-117
-116
-114
-114
-113
-114
-112
-112
-109
-97
-72
-41
-10
18
41
58
72
81
88
93
96
98
98
100
100
100
99
99
97
96
94
92
90
89
88
88
88
87
88
84
69
43
12
-18
-45
-67
-83
-95
-103
-111
-114
-119
-119
-122
-122
-124
-122
-123
-120
-120
-117
-117
-114
-115
-114
-114
-112
-113
-110
-100
-74
-44
-12
16
39
56
70
80
87
92
94
97
97
98
98
99
98
98
96
95
94
93
90
89
88
88
88
88
89
85
71
46
17
-15
-41
-65
-82
-93
-103
-111
-114
-118
-119
-122
-122
-124
-122
-123
-119
-120
-117
-116
-114
-115
-113
-114
-112
-114
-68
-1
74
-65
-113
-121
-124
110
106
2
42
39
-101
61
-94
99
-115
-49
10
0
-116
114
36
104
54
-125
-52
-17
-72
127
-100
-58
93
-83
1
-128
-121
-128
-97
-112
60
-21
95
-27
-113
-128
107
-88
-110
125
124
-122
-67
76
-67
-16
-69
-121
95
-34
-55
-72
-122
115
-74
-36
10
65
110
-29
120
81
104
81
-121
-72
-67
-96
99
-113
-116
-1
-71
126
73
-29
-75
-117
65
-99
-99
17
15
81
-93
-68
35
-107
52
24
-70
34
83
-30
-121
-65
-112
-65
-101
-125
-104
-65
-116
-72
-91
110
-80
77
-19
-16
104
-127
-8
98
-39
5
120
2
-121
-98
122
-7
-18
-125
-16
-65
-4
-46
37
25
94
66
77
-88
-17
72
-39
115
62
81
10
-20
120
-121
-54
-63
-66
-90
-47
-115
-68
-60
-63
-120
-30
-2
72
-83
-122
-90
-112
19
-125
39
85
89
82
-80
-60
-33
-59
113
-68
31
40
127
-32
-123
-65
-4
-128
34
88
-15
-69
34
43
115
-25
9
60
-115
-128
97
-126
0
-124
96
51
11
-50
-128
1
81
-26
-97
-112
117
-75
-16
-75
-25
66
94
108
71
-4
55
-34
50
76
-103
31
-26
-44
-1
96
15
121
-121
4
-127
-104
-93
-34
-123
-28
-4
23
-96
-80
-4
51
9
57
13
-2
30
-96
95
-119
115
-29
-91
-70
13
-3
18
-34
12
-80
21
79
-106
-13
42
36
110
-42
43
-105
-116
119
120
-64
-127
-124
16
120
0
64
88
88
-113
96
-116
72
7
19
24
-116
80
64
-124
-84
77
122
-45
15
-112
116
40
15
-77
-125
4
114
-122
3
-76
8
5
-103
-72
11
-55
20
-87
-4
-85
-101
-63
-97
-14
-127
127
-121
113
-115
-68
7
-119
24
-128
67
115
80
-64
-73
18
2
27
-98
-62
-42
60
-69
-65
-25
-83
120
-122
-48
71
-33
-32
-68
124
-32
-113
112
-114
-97
-72
119
-128
108
100
112
-117
-119
88
-70
38
-128
120
-128
126
-121
-64
-128
-97
3
-48
-126
-57
-35
-128
-113
0
-81
-50
-16
-107
116
113
-32
-69
-5
-113
79
-33
87
-128
96
-128
90
90
87
89
-13
52
-21
-79
-7
-93
-38
-125
91
-59
102
-13
3
91
0
108
36
41
108
-45
37
-43
-43
-123
-74
-85
10
42
17
81
-44
-50
-38
123
-123
-123
112
127
68
-29
42
47
50
48
-35
46
83
-26
-91
88
-37
109
10
34
90
122
-62
106
-49
-61
83
-25
121
101
37
-124
42
-99
115
-83
90
68
53
-94
26
80
50
-42
36
75
87
17
115
-33
71
-89
0
-100
-40
45
123
6
-56
97
122
-61
38
26
-22
44
87
87
33
93
37
-39
51
91
94
-6
-23
-28
-123
-60
90
22
107
-81
-22
49
17
72
-76
69
-38
87
22
43
24
61
-53
34
-112
93
97
57
44
73
96
127
-79
115
-126
48
75
4
105
46
42
-43
106
-108
80
-43
10
42
42
43
70
-107
-40
-93
-47
88
24
105
-97
108
-38
-22
50
96
45
57
32
-43
-78
7
99
-104
-85
-127
-118
-61
43
65
-52
74
64
54
17
22
74
77
-82
39
-110
-40
-50
84
115
53
42
74
9
73
21
28
124
-99
-29
-13
-65
-85
-100
113
27
-67
126
79
18
-115
67
8
-29
41
-111
54
-92
42
-94
-105
-55
103
28
-126
84
-105
72
28
-128
26
56
-69
109
-11
61
-68
-110
-115
-48
77
106
-42
-30
86
-34
-79
-66
122
-4
-125
46
64
3
112
-65
-82
-12
95
-97
-126
-124
-44
-84
41
7
-93
34
85
-37
98
114
93
101
-83
75
9
-125
-49
-40
-127
23
-114
-96
-18
-29
92
-1
-65
-41
-23
75
-64
-78
-2
-112
-113
-97
-65
64
-112
-1
-125
-97
127
112
-65
-13
-128
-16
-76
-106
-109
114
7
19
117
-33
-99
34
40
127
-112
-81
65
-5
-11
127
71
-121
-128
-99
-65
-128
-113
-114
-127
-97
-1
-121
-56
112
60
-65
-121
-121
95
120
-4
-98
4
-126
0
-64
-65
-125
-81
54
99
43
-83
93
-118
-54
46
-38
-109
123
-29
88
24
125
-15
11
-105
51
-75
-93
-17
-103
119
120
89
80
-18
-104
-36
-2
123
-60
36
70
104
-17
-108
19
90
101
-9
-110
90
6
61
-124
51
124
-77
94
63
11
66
115
-122
-99
9
-126
-33
-22
-46
-100
47
-5
-93
115
-100
125
-16
-111
64
-94
-40
-128
-96
12
29
112
-16
103
84
70
-42
-76
72
87
117
100
-81
48
22
-119
68
-79
-62
15
-116
72
-118
14
104
-2
-127
127
-82
-74
95
-127
-80
-121
-69
96
-19
-68
-65
-101
106
-98
29
-38
-89
65
-128
-10
-103
112
-16
-41
11
55
90
74
54
17
51
36
-128
-34
-9
68
85
-121
36
86
-125
61
112
1
-125
-112
-95
-27
75
125
47
-127
-112
-93
-32
72
-87
-7
-120
94
-39
89
116
80
-56
79
-65
64
-28
40
-86
-121
-74
-126
-62
-102
71
-118
75
23
71
-110
-35
-71
-89
22
-16
-1
-121
-100
-121
95
-114
15
-125
-65
76
-30
-109
8
105
111
-115
85
-44
69
-11
-7
43
107
-91
-22
54
-51
87
-58
-39
-57
-31
127
-113
-64
65
-74
88
-65
-76
-25
-128
71
-117
120
100
-89
-105
119
-121
-96
-52
-46
-4
-45
59
-39
-81
-97
92
-68
-47
-1
-128
-37
37
53
6
-5
11
50
89
42
60
32
-91
112
45
86
9
50
-104
-128
-97
-125
-65
79
-125
51
68
0
-113
8
-122
-118
-5
114
-72
-81
-28
-12
-13
-29
127
60
66
15
-50
-104
81
-66
-107
-49
-58
-100
127
72
-4
115
1
-41
-91
20
113
-12
-34
9
49
-96
-72
125
-97
14
127
-115
120
68
112
62
113
9
63
-121
120
-67
39
82
-71
87
-100
-64
113
64
25
24
-12
66
98
-8
37
76
-8
-113
-89
112
96
-15
3
-29
-60
16
124
-120
-80
-27
-113
86
-14
-27
-101
10
-62
113
-90
-128
-65
-32
-1
-125
127
32
-113
-99
-127
-29
63
-112
73
-126
103
2
-125
63
65
125
-29
7
-106
-121
-8
-5
-65
-100
-128
-31
-128
64
-105
-128
-70
120
-128
-98
-97
74
49
-125
73
-117
-36
-7
116
-126
67
127
-55
-33
-1
103
116
-68
-1
-8
-50
112
127
-98
-71
48
60
-40
92
-119
-40
-40
-40
-68
-109
-33
-1
67
4
-9
-29
-53
101
121
31
21
-77
-3
-57
-16
-56
-40
-69
0
70
52
-123
-124
99
50
50
82
34
53
-28
-6
-113
-112
61
-64
27
-113
-63
-112
-80
99
-101
-121
-128
126
-18
50
69
-63
126
-99
-11
90
3
52
-82
24
60
-45
34
8
-2
42
-53
106
26
-55
88
55
-83
-39
-30
127
84
-105
107
108
60
20
20
55
38
-19
3
34
-74
44
103
124
18
-94
-32
46
-30
-38
8
-75
59
-21
29
105
54
22
74
-117
-38
-124
74
81
57
-51
-93
-1
-67
2
32
-104
-20
107
73
10
-44
-106
-62
-26
-42
10
88
-92
62
22
-105
72
-106
121
98
69
-22
-31
118
-84
-100
-83
100
88
17
56
9
39
19
11
85
10
18
41
6
58
42
-113
-116
15
59
92
92
89
79
-127
117
-3
-66
-128
-96
108
71
114
46
108
55
45
54
-83
37
-1
-128
