2
2
2
2
2
1
2
2
2
2
2
2
2
1
2
2
2
1
2
2
2
2
2
2
2
2
2
2
2
2
2
2
2
2
2
1
2
1
2
1
2
1
1
2
2
2
2
2
2
1
2
1
2
2
2
1
2
2
2
2
2
2
2
2
2
1
2
2
1
2
2
2
2
1
2
2
2
2
2
2
1
2
2
2
1
2
2
1
2
2
1
2
2
1
2
2
2
1
2
1
2
2
2
2
1
1
2
2
2
2
2
2
1
2
2
2
2
2
2
2
2
2
1
2
2
2
2
1
2
2
1
2
1
1
2
1
1
1
2
2
2
2
2
2
1
1
2
2
2
1
2
2
2
2
2
2
2
2
2
2
2
2
2
2
2
1
1
2
2
1
2
1
2
2
2
2
2
1
2
2
1
2
2
2
2
2
2
1
1
2
2
2
2
2
2
2
2
2
2
2
2
2
2
2
1
2
2
2
2
1
2
2
2
2
1
2
2
2
2
2
1
2
2
2
1
2
2
1
1
2
2
2
2
2
2
2
2
2
2
2
2
2
2
2
2
2
2
2
2
1
2
2
2
2
1
2
2
2
1
2
2
2
2
2
2
2
2
2
2
2
1
2
2
2
2
2
2
2
2
2
2
2
2
1
2
2
2
1
2
1
2
1
2
2
2
1
2
2
2
2
2
2
2
2
2
1
1
2
1
2
2
2
1
2
2
2
2
1
1
2
2
2
2
2
2
1
2
2
2
1
2
1
2
2
2
2
2
2
2
2
2
2
2
2
2
1
2
2
2
2
2
1
-128
-128
-128
-128
-128
-128
-128
-128
-94
-128
-31
-128
48
-128
-118
-128
-128
-128
-128
-128
-128
-128
-128
-128
112
127
-128
-128
-121
-128
-128
-128
2
1
2
2
2
1
2
2
2
2
2
2
2
2
1
2
2
2
2
2
2
2
2
2
2
2
2
1
1
2
1
2
2
2
2
1
1
2
1
2
2
2
2
2
2
2
2
2
2
2
2
2
1
1
2
2
1
2
2
2
2
1
2
2
2
1
2
2
1
2
1
2
2
2
2
2
2
2
1
2
2
2
2
2
1
2
2
2
2
1
2
2
2
2
2
2
2
2
2
2
1
2
2
2
2
2
2
2
1
2
1
2
2
2
2
2
1
2
2
2
2
2
1
2
2
2
2
1
2
1
2
2
2
2
1
1
2
2
2
2
1
1
1
2
2
2
1
2
2
2
2
2
2
2
2
2
2
2
2
2
2
2
2
2
2
1
2
2
2
2
2
2
2
2
2
2
2
2
2
2
2
1
2
2
2
2
2
2
2
2
2
2
2
2
2
2
1
2
2
2
2
1
2
2
2
2
1
2
2
2
1
1
2
2
2
1
2
2
2
2
2
1
2
2
2
2
2
2
2
1
2
1
2
2
1
2
2
1
2
2
2
2
2
2
2
2
2
1
2
2
2
2
2
2
2
1
2
2
1
2
2
2
2
2
2
2
2
2
2
1
1
2
2
2
1
2
2
2
1
2
2
2
2
1
2
2
2
1
2
2
2
2
1
2
2
2
1
2
2
2
2
2
2
2
2
2
2
2
2
2
2
2
2
2
2
2
2
2
1
2
1
2
2
2
1
2
2
2
1
2
2
2
2
2
2
1
2
2
2
2
2
2
1
2
2
2
2
1
1
2
2
2
2
2
2
1
2
2
2
2
2
2
2
2
2
2
1
2
2
2
2
2
2
2
2
2
1
2
2
1
2
2
2
2
2
2
2
2
2
2
2
2
2
2
1
1
2
2
2
2
2
2
2
2
2
1
2
2
1
2
2
2
2
2
2
2
2
2
1
2
2
2
2
2
2
2
2
2
2
2
2
2
2
2
2
2
2
2
2
2
2
2
1
2
2
2
2
1
2
2
2
2
2
1
2
2
2
2
2
2
1
2
2
2
2
2
2
1
2
2
2
2
2
2
1
2
2
2
1
2
2
2
2
2
2
2
2
1
2
2
1
2
2
2
1
2
2
2
2
1
2
2
2
1
1
2
1
1
2
2
2
2
2
2
2
2
2
2
1
2
2
2
2
2
2
2
2
2
2
2
2
1
2
1
2
1
2
2
2
1
2
2
1
2
2
2
2
2
2
1
2
2
2
2
2
2
2
2
2
1
2
2
1
2
2
2
2
2
2
2
2
2
2
1
2
2
2
1
2
2
2
2
2
2
2
1
2
2
2
2
2
2
2
2
2
2
2
2
1
2
1
1
2
2
2
2
2
2
2
2
1
1
2
1
2
2
-55
-35
-52
21
-54
58
-62
85
-65
98
-77
103
-128
104
-128
104
-128
103
-128
101
-128
97
-128
94
-128
93
-128
93
-103
81
-56
34
-50
-24
-53
-67
-60
-95
-64
-114
-73
-124
-128
-128
-128
-128
-128
-127
-128
-125
-128
-122
-128
-121
-128
-120
-128
-118
-109
-94
-57
-35
-51
22
-54
61
-62
84
-66
94
-70
101
-128
103
-128
104
-128
103
-128
100
-128
97
-128
95
-128
94
-128
94
-114
84
-56
38
-49
-23
-53
-69
-60
-99
-66
-114
-69
-121
-128
-127
-128
-128
-128
-127
-128
-125
-128
-122
-128
-120
-128
-120
-128
-119
-119
-96
-59
-41
-52
18
-52
60
-59
85
-65
97
-66
101
-128
103
-128
104
-128
103
-128
100
-128
97
-128
94
-128
93
-128
93
-126
84
-60
39
-50
-18
-52
-67
-59
-99
-65
-116
-64
-123
-128
-127
-128
-127
-128
-126
-128
-125
-128
-122
-128
-120
-128
-119
-128
-119
-128
-98
-61
-39
-52
17
-52
58
-59
83
-65
96
-64
101
-128
103
-128
104
-128
103
-128
101
-128
97
-128
94
-128
94
-128
94
-128
85
-62
41
-50
-20
-51
-67
-58
-97
-65
-115
-65
-123
-128
-128
-128
-128
-128
-127
-128
-125
-128
-122
-128
-120
-128
-119
-128
-118
-128
-100
-65
-45
-52
15
-52
60
-58
85
-65
96
-64
103
-128
104
-128
105
-128
103
-128
100
-128
97
-128
94
-128
93
-128
93
-128
86
-68
45
-53
-15
-51
-65
-57
-99
-65
-115
-65
-123
-128
-127
-128
-128
-128
-128
-128
-125
-128
-122
-128
-120
-128
-119
-128
-118
-128
-100
-69
-49
-53
9
-52
55
-58
83
-66
96
-68
102
-128
103
-128
104
-128
103
-128
101
-128
97
-128
94
-128
93
-128
93
-128
88
-73
49
-51
-9
-49
-59
-56
-95
-65
-114
-67
-124
-128
-127
-128
-128
-128
-127
-128
-126
-128
-123
-128
-120
-128
-119
-128
-118
-128
-102
-75
-49
-53
8
-52
52
-57
80
-66
95
-66
101
-122
104
-128
105
-128
103
-128
101
-128
98
-128
95
-128
93
-128
93
-128
88
-77
50
-53
-11
-52
-59
-57
-92
-65
-112
-66
-122
-114
-127
-128
-128
-128
-128
-128
-125
-128
-123
-128
-121
-128
-120
-128
-119
-128
-104
-81
-57
-54
5
-51
53
-56
79
-64
94
-65
100
-105
103
-128
105
-128
103
-128
101
-128
98
-128
95
-128
93
-128
94
-128
89
-82
53
-53
-2
-51
-56
-56
-93
-64
-112
-65
-121
-97
-126
-128
-128
-128
-128
-128
-126
-128
-123
-128
-121
-128
-119
-128
-119
-128
-106
-87
-57
-54
1
-51
45
-55
77
-62
95
-63
102
-89
104
-128
105
-128
104
-128
101
-128
98
-128
94
-128
93
-128
93
-128
89
-91
54
-54
-4
-51
-54
-54
-87
-62
-110
-64
-121
-84
-126
-128
-128
-128
-128
-128
-126
-128
-124
-128
-121
-128
-120
-128
-119
-128
-106
-95
-56
-55
3
-50
49
-53
76
-60
91
-63
99
-78
103
-128
104
-128
103
-128
101
-128
98
-128
95
-128
94
-128
93
-128
90
-100
57
-52
-3
-48
-56
-52
-90
-60
-111
-64
-119
-74
-125
-128
-128
-128
-128
-128
-126
-128
-122
-128
-120
-128
-120
-128
-120
-128
-108
-105
-62
-55
-1
-50
47
-51
74
-58
87
-63
93
-69
96
-128
99
-128
99
-128
100
-128
99
-128
98
-128
98
-128
98
-128
94
-110
59
-56
1
-49
-54
-51
-92
-58
-111
-62
-120
-67
-125
-128
-127
-128
-126
-128
-125
-128
-123
-128
-120
-128
-120
-128
-119
-128
-107
-116
-57
-57
2
-49
47
-50
77
-58
93
-63
100
-65
102
-128
103
-128
103
-128
101
-128
98
-128
95
-128
94
-128
93
-128
91
-122
59
-56
-3
-48
-54
-50
-88
-57
-110
-63
-121
-64
-126
-128
-128
-128
-127
-128
-125
-128
-123
-128
-120
-128
-119
-128
-118
-128
-110
-127
-63
-59
-2
-50
50
-51
79
-56
93
-63
101
-63
103
-128
103
-128
101
-128
98
-128
96
-128
92
-128
92
-128
92
-128
90
-128
61
-60
1
-49
-54
-49
-93
-56
-111
-63
-120
-62
-125
-128
-128
-128
-128
-128
-125
-128
-122
-128
-119
-128
-119
-128
-119
-128
-110
-128
-65
-61
-5
-49
45
-49
76
-56
93
-62
99
-62
101
-128
102
-128
102
-128
100
-128
97
-128
94
-128
93
-128
93
-128
91
-128
63
-62
6
-47
-47
-48
-88
-56
-110
-63
-121
-62
-126
-128
-128
-128
-128
-128
-126
-128
-123
-128
-121
-128
-119
-128
-118
-128
-110
-128
-66
-64
-6
-49
42
-49
73
-55
91
-63
99
-62
103
-128
103
-128
103
-128
102
-128
98
-128
94
-128
93
-128
93
-128
91
-128
63
-68
4
-49
-47
-49
-84
-55
-108
-63
-120
-62
-125
-128
-128
-128
-127
-128
-125
-128
-123
-128
-121
-128
-120
-128
-119
-128
-111
-128
-71
-69
-9
-50
43
-49
73
-55
91
-62
99
-63
102
-127
104
-128
104
-128
101
-128
98
-128
95
-128
93
-128
93
-128
92
-128
65
-70
14
-50
-44
-48
-86
-55
-108
-63
-119
-64
-125
-121
-128
-128
-127
-128
-126
-128
-123
-128
-120
-128
-119
-128
-118
-128
-112
-128
-72
-75
-15
-51
34
-49
71
-54
92
-62
101
-63
105
-112
106
-128
105
-128
103
-128
99
-128
95
-128
93
-128
92
-128
91
-128
65
-80
9
-51
-42
-49
-79
-54
-105
-128
-121
-128
-120
-128
-118
-128
-112
-128
-73
-116
-11
-58
43
-52
74
-52
91
-58
101
-64
104
-66
105
-128
105
-128
102
-128
99
-128
95
-128
94
-128
93
-128
92
-128
68
-123
12
-59
-44
-51
-86
-51
-108
-59
-119
-64
-125
-65
-128
-128
-128
-128
-126
-128
-124
-128
-120
-128
-119
-128
-119
-128
-114
-128
-75
-128
-15
-61
38
-51
72
-52
92
-58
100
-64
103
-64
105
-128
104
-128
102
-128
99
-128
95
-128
93
-128
93
-128
93
-128
70
-128
17
-61
-39
-50
-82
-51
-107
-58
-121
-65
-126
-65
-128
-128
-128
-128
-127
-128
-125
-128
-121
-128
-120
-128
-118
-128
-114
-128
-77
-128
-18
-64
33
-51
68
-50
89
-57
99
-64
103
-63
105
-128
105
-128
102
-128
100
-128
96
-128
94
-128
93
-128
92
-128
70
-128
14
-66
-39
-51
-80
-51
-104
-56
-119
-64
-126
-64
-128
-128
-128
-128
-126
-128
-124
-128
-121
-128
-120
-128
-119
-128
-115
-128
-80
-128
-19
-68
35
-51
69
-50
88
-56
98
-64
102
-63
103
-128
103
-128
101
-128
99
-128
95
-128
93
-128
93
-128
93
-128
72
-128
24
-70
-36
-50
-80
-49
-104
-56
-117
-65
-124
-64
-128
-128
-128
-128
-127
-128
-125
-128
-121
-128
-119
-128
-119
-128
-116
-128
-81
-128
-24
-73
25
-52
66
-50
89
-56
99
-64
103
-64
105
-119
105
-128
102
-128
99
-128
95
-128
93
-128
93
-128
92
-128
72
-128
20
-76
-34
-51
-73
-49
-102
-55
-119
-63
-125
-64
-127
-112
-127
-128
-126
-128
-124
-128
-121
-128
-120
-128
-119
-128
-115
-128
-80
-128
-21
-79
31
-52
66
-49
86
-55
97
-62
102
-63
103
-104
103
-128
102
-128
99
-128
95
-128
94
-128
93
-128
93
-128
74
-128
22
-82
-35
-50
-77
-48
-102
-53
-115
-63
-123
-64
-127
-96
-128
-128
-126
-128
-124
-128
-121
-128
-120
-128
-120
-128
-117
-128
-84
-128
-25
-85
31
-53
67
-50
88
-53
97
-62
101
-63
103
-90
104
-128
102
-128
99
-128
96
-128
94
-128
93
-128
93
-128
75
-128
26
-89
-32
-52
-78
-50
-104
-53
-118
-61
-124
-63
-126
-87
-128
-128
-127
-128
-124
-128
-121
-128
-120
-128
-119
-128
-117
-128
-84
-128
-25
-91
27
-53
66
-50
87
-53
97
-61
102
-63
103
-82
103
-128
101
-128
99
-128
96
-128
94
-128
93
-128
93
-128
76
-128
24
-95
-32
-52
-74
-49
-102
-52
-118
-61
-124
-64
-128
-79
-127
-128
-125
-128
-124
-128
-121
-128
-120
-128
-118
-128
-116
-128
-86
-128
-27
-99
30
-55
66
-49
86
-52
97
-59
102
-63
103
-73
103
-128
101
-128
99
-128
96
-128
93
-128
93
-128
92
-128
77
-128
28
-102
-31
-54
-78
-49
-103
-52
-117
-59
-124
-63
-127
-72
-128
-128
-126
-128
-123
-128
-120
-128
-119
-128
-119
-128
-117
-128
-89
-128
-31
-105
23
-55
64
-50
86
-51
97
-59
101
-63
103
-69
103
-128
101
-128
99
-128
95
-128
93
-128
92
-128
92
-128
79
-128
33
-109
-24
-54
-72
-49
-101
-51
-117
-59
-124
-64
-127
-67
-128
-128
-126
-128
-124
-128
-121
-128
-119
-128
-118
-128
-117
-128
-90
-128
-34
-113
19
-57
60
-50
84
-51
95
-58
100
-63
101
-65
101
-128
100
-128
98
-128
95
-128
92
-128
91
-128
91
-128
79
-128
33
-117
-24
-56
-69
-49
-98
-50
-115
-58
-124
-63
-127
-65
-128
-128
-126
-128
-124
-128
-121
-128
-119
-128
-118
-128
-116
-128
-94
-128
-37
-120
21
-58
60
-50
83
-51
95
-58
101
-64
103
-64
103
-128
101
-128
98
-128
94
-128
91
-128
91
-128
91
-128
81
-128
40
-123
-20
-57
-69
-48
-98
-50
-113
-58
-122
-64
-126
-65
-127
-128
-127
-128
-125
-128
-121
-128
-119
-128
-118
-128
-117
-128
-96
-128
-43
-128
9
-59
55
-50
82
-51
95
-58
100
-63
102
-63
103
-128
102
-128
99
-128
96
-128
92
-128
91
-128
91
-128
82
-128
39
-128
-16
-60
-60
-50
-95
-50
-113
-57
-122
-64
-125
-63
-127
-128
-126
-128
-124
-128
-121
-128
-119
-128
-118
-128
-117
-128
-96
-128
-40
-128
14
-60
55
-50
77
-51
93
-56
99
-63
101
-63
102
-128
100
-128
98
-128
95
-128
92
-128
92
-128
92
-128
84
-128
40
-128
-17
-60
-63
-48
-94
-49
-109
-57
-120
-64
-125
-63
-126
-128
-126
-128
-124
-128
-120
-128
-119
-128
-118
-128
-117
-128
-98
-128
-42
-128
15
-62
58
-51
81
-50
94
-57
99
-63
101
-63
102
-128
102
-128
99
-128
96
-128
93
-128
92
-128
92
-128
84
-128
44
-128
-15
-64
-65
-50
-97
-50
-113
-56
-121
-64
-124
-63
-127
-128
-126
-128
-124
-128
-121
-128
-119
-128
-118
-128
-118
-128
-98
-128
-45
-128
11
-65
56
-51
81
-49
95
-56
100
-63
102
-62
102
-128
101
-128
100
-128
96
-128
93
-128
93
-128
93
-128
86
-128
44
-128
-14
-65
-62
-49
-95
-49
-113
-56
-121
-64
-125
-64
-126
-128
-125
-128
-123
-128
-121
-128
-119
-128
-118
-128
-117
-128
-100
-128
-46
-128
14
-69
57
-50
81
-49
95
-56
102
-64
103
-63
104
-128
103
-128
100
-128
97
-128
94
-128
93
-128
92
-128
86
-128
102
-128
99
-128
95
-128
94
-128
94
-128
90
-128
54
-128
-3
-93
-51
-54
-91
-49
-112
-52
-122
-61
-126
-63
-128
-81
-127
-128
-126
-128
-123
-128
-121
-128
-119
-128
-119
-128
-105
-128
-55
-128
3
-97
49
-54
75
-50
93
-52
101
-60
104
-63
105
-76
104
-128
102
-128
99
-128
96
-128
95
-128
94
-128
91
-128
55
-128
-4
-101
-56
-53
-90
-49
-108
-52
-120
-60
-126
-64
-128
-73
-127
-128
-126
-128
-123
-128
-120
-128
-120
-128
-119
-128
-106
-128
-58
-128
4
-106
51
-56
79
-50
94
-52
101
-58
104
-64
105
-69
105
-128
102
-128
100
-128
96
-128
94
-128
94
-128
91
-128
58
-128
-2
-113
-56
-57
-92
-49
-111
-52
-121
-58
-125
-63
-128
-66
-128
-128
-126
-128
-123
-128
-121
-128
-120
-128
-120
-128
-108
-128
-59
-128
1
-118
50
-58
79
-50
95
-50
102
-58
103
-64
105
-65
105
-128
102
-128
100
-128
97
-128
95
-128
94
-128
92
-128
57
-128
-2
-124
-53
-58
-91
-48
-112
-50
-122
-58
-126
-65
-128
-65
-128
-128
-126
-128
-123
-128
-121
-128
-119
-128
-119
-128
-109
-128
-61
-128
3
-128
50
-60
78
-51
95
-51
103
-58
105
-64
106
-64
105
-128
102
-128
99
-128
95
-128
95
-128
94
-128
91
-128
59
-128
-1
-128
-58
-60
-92
-50
-111
-50
-122
-57
-127
-64
-128
-64
-128
-128
-126
-128
-123
-128
-121
-128
-121
-128
-120
-128
-109
-128
-62
-128
-1
-128
50
-62
80
-50
95
-50
101
-56
104
-63
105
-63
105
-128
103
-128
100
-128
96
-128
95
-128
94
-128
93
-128
62
-128
4
-128
-52
-63
-90
-49
-112
-49
-123
-56
-127
-64
-128
-63
-128
-128
-127
-128
-124
-128
-122
-128
-120
-128
-119
-128
-111
-128
-65
-128
-6
-128
45
-65
76
-51
95
-49
103
-56
105
-63
106
-63
105
-128
103
-128
101
-128
96
-128
95
-128
94
-128
92
-128
62
-128
3
-128
-49
-67
-87
-50
-110
-49
-122
-56
-128
-64
-128
-63
-128
-128
-127
-128
-125
-128
-122
-128
-121
-128
-120
-128
-111
-128
-66
-128
-3
-128
46
-69
75
-50
93
-49
102
-56
105
-63
106
-63
106
-128
103
-128
100
-128
97
-128
95
-128
95
-128
93
-128
66
-128
7
-128
-50
-70
-87
-49
-109
-49
-121
-55
-127
-63
-128
-63
-128
-125
-127
-128
-125
-128
-122
-128
-121
-128
-120
-128
-112
-128
-69
-128
-14
-128
42
-73
76
-51
94
-49
102
-55
105
-63
106
-62
106
-117
103
-128
100
-128
96
-128
94
-128
94
-128
93
-128
65
-128
9
-128
-42
-76
-85
-51
-109
-49
-121
-55
-126
-63
-128
-63
-128
-112
-128
-128
-125
-128
-122
-128
-121
-128
-120
-128
-113
-128
-68
-128
-9
-128
40
-79
70
-51
91
-49
100
-54
104
-62
105
-63
105
-104
103
-128
101
-128
97
-128
95
-128
95
-128
93
-128
66
-128
9
-128
-45
-80
-83
-49
-104
-48
-120
-54
-126
-62
-128
-63
-128
-98
-127
-128
-125
-128
-122
-128
-121
-128
-120
-128
-114
-128
-72
-128
-9
-128
42
-84
73
-53
91
-49
99
-53
103
-61
106
-62
105
-93
103
-128
100
-128
96
-128
95
-128
95
-128
94
-128
69
-128
12
-128
-45
-87
-86
-52
-108
-49
-120
-53
-125
-61
-128
-62
-128
-89
-127
-128
-125
-128
-121
-128
-121
-128
-120
-128
-115
-128
-74
-128
-15
-128
39
-90
73
-53
92
-49
100
-53
103
-60
104
-63
105
-85
103
-128
100
-128
97
-128
95
-128
95
-128
93
-128
69
-128
13
-128
-42
-92
-84
-52
-108
-49
-121
-52
-127
-61
-128
-63
-128
-81
-127
-128
-125
-128
-122
-128
-120
-128
-120
-128
-115
-128
-76
-128
-13
-128
39
-96
70
-55
92
-49
102
-52
105
-60
105
-62
105
-76
103
-128
100
-128
96
-128
94
-128
93
-128
93
-128
71
-128
13
-128
-44
-100
-84
-54
-106
-49
-120
-51
-127
-60
-128
-63
-128
-73
-127
-128
-124
-128
-122
-128
-121
-128
-120
-128
-115
-128
-78
-128
-18
-128
37
-102
73
-54
91
-50
99
-51
103
-59
105
-63
104
-71
103
-128
100
-128
97
-128
95
-128
94
-128
94
-128
73
-128
20
-128
-38
-107
-82
-54
-108
-48
-120
-51
-126
-59
-128
-64
-128
-69
-128
-128
-125
-128
-122
-128
-120
-128
-119
-128
-116
-128
-81
-128
-22
-128
33
-112
69
-56
90
-50
100
-52
104
-59
105
-64
104
-66
102
-128
100
-128
96
-128
94
-128
93
-128
93
-128
73
-128
22
-128
-34
-117
-78
-57
-105
-50
-120
-52
-127
-58
-128
-63
-128
-65
-127
-128
-125
-128
-122
-128
-121
-128
-120
-128
-116
-128
-83
-128
-22
-128
31
-121
67
-58
88
-50
99
-51
103
-58
105
-63
105
-64
102
-128
100
-128
97
-128
95
-128
94
-128
93
-128
77
-128
25
-128
-34
-125
-77
-58
-102
-49
-117
-50
-125
-58
-128
-63
-128
-64
-127
-128
-125
-128
-122
-128
-121
-128
-119
-128
-117
-128
-87
-128
-34
-128
26
-128
67
-60
88
-50
99
-50
103
-57
105
-63
105
-63
103
-128
100
-128
97
-128
94
-128
93
-128
93
-128
77
-128
29
-128
-25
-128
-74
-61
-103
-49
-118
-49
-124
-56
-128
-63
-128
-64
-127
-128
-126
-128
-122
-128
-121
-128
-120
-128
36
-128
71
-92
91
-54
101
-50
105
-53
106
-61
105
-63
104
-81
100
-128
96
-128
94
-128
94
-128
93
-128
72
-128
22
-128
-37
-128
96
-128
94
-128
93
-128
93
-128
84
-128
39
-128
-23
-128
-69
-78
-98
-53
-115
-50
-124
-56
-128
-64
-128
-64
-127
-113
-124
-128
-122
-128
-120
-128
-119
-128
-118
-128
-98
-128
-42
-128
18
-128
61
-79
84
-53
95
-50
101
-55
103
-63
104
-64
102
-106
100
-128
97
-128
94
-128
93
-128
93
-128
86
-128
46
-128
-16
-128
-66
-81
-99
-51
-116
-50
-123
-54
-128
-63
-128
-64
-128
-101
-126
-128
-123
-128
-120
-128
-119
-128
-119
-128
-101
-128
-48
-128
10
-128
55
-85
82
-53
97
-50
102
-54
103
-62
104
-64
103
-94
100
-128
97
-128
94
-128
93
-128
93
-128
86
-128
47
-128
-12
-128
-61
-88
-95
-54
-114
-51
-124
-53
-128
-61
-128
-64
-128
-92
-126
-128
-123
-128
-121
-128
-119
-128
-118
-128
-102
-128
-49
-128
8
-128
52
-89
79
-54
94
-51
101
-54
103
-62
104
-64
103
-88
101
-128
97
-128
94
-128
93
-128
93
-128
88
-128
51
-128
-10
-128
-59
-91
-92
-52
-112
-49
-122
-53
-127
-62
-128
-64
-128
-85
-126
-128
-123
-128
-120
-128
-119
-128
-118
-128
-105
-128
-59
-128
3
-128
52
-94
79
-54
95
-50
102
-53
104
-61
105
-63
104
-80
101
-128
97
-128
94
-128
93
-128
93
-128
89
-128
54
-128
1
-128
-56
-97
-93
-55
-112
-50
-121
-53
-126
-60
-128
-64
-127
-78
-126
-128
-123
-128
-121
-128
-120
-128
-120
-128
-107
-128
-58
-128
0
-128
43
-99
75
-55
93
-50
101
-52
103
-60
104
-63
103
-75
101
-128
99
-128
95
-128
94
-128
93
-128
90
-128
57
-128
-1
-128
-50
-102
-85
-54
-108
-49
-121
-51
-126
-60
-128
-64
-127
-73
-126
-128
-123
-128
-121
-128
-120
-128
-119
-128
-108
-128
-60
-128
1
-128
47
-112
75
-64
91
-58
99
-55
103
-55
104
-57
103
-66
101
-128
98
-128
95
-128
94
-128
94
-128
91
-128
59
-128
-1
-128
-55
-108
-89
-57
-108
-51
-119
-52
-125
-59
-128
-64
-127
-69
-126
-128
-123
-128
-121
-128
-120
-128
-119
-128
-109
-128
-62
-128
-1
-128
48
-112
77
-56
93
-53
99
-56
102
-61
103
-64
103
-67
101
-128
98
-128
95
-128
94
-128
93
-128
91
-128
61
-128
4
-128
-51
-116
-89
-57
-110
-51
-121
-52
-125
-61
-127
-65
-127
-67
-126
-128
-124
-128
-121
-128
-119
-128
-119
-128
-111
-128
-64
-128
-4
-128
43
-119
75
-59
93
-52
101
-52
104
-58
104
-64
103
-64
102
-128
98
-128
95
-128
93
-128
93
-128
91
-128
62
-128
2
-128
-51
-123
-86
-58
-109
-50
-122
-51
-127
-58
-128
-64
-127
-65
-125
-128
-124
-128
-121
-128
-120
-128
-119
-128
-111
-128
-66
-128
-5
-128
46
-126
75
-59
91
-50
99
-51
103
-58
103
-64
103
-64
101
-128
98
-128
95
-128
94
-128
94
-128
92
-128
66
-128
8
-128
-48
-128
-89
-58
-109
-48
-120
-49
-125
-57
-128
-64
-128
-64
-126
-128
-123
-128
-120
-128
-119
-128
-119
-128
-112
-128
-71
-128
-10
-128
42
-128
75
-60
93
-51
101
-51
103
-57
104
-63
104
-63
102
-128
98
-128
95
-128
93
-128
93
-128
92
-128
66
-128
10
-128
-44
-128
-85
-61
-108
-50
-121
-50
-126
-57
-128
-63
-128
-64
-127
-128
-124
-128
-121
-128
-120
-128
-119
-128
-113
-128
-69
-128
-10
-128
40
-128
72
-62
92
-50
100
-50
104
-56
105
-63
104
-64
102
-128
99
-128
96
-128
94
-128
93
-128
93
-128
68
-128
10
-128
-44
-128
-83
-62
-106
-48
-120
-50
-126
-57
-128
-65
-128
-65
-127
-128
-124
-128
-121
-128
-120
-128
-119
-128
-113
-128
-76
-128
-13
-128
41
-128
73
-63
91
-50
101
-50
104
-57
105
-65
105
-64
103
-128
100
-128
95
-128
94
-128
93
-128
92
-128
69
-128
19
-128
-40
-128
-84
-65
-107
-51
-119
-51
-125
-57
-128
-64
-128
-63
-127
-128
-125
-128
-121
-128
-121
-128
-120
-128
-115
-128
-75
-128
-16
-128
32
-128
70
-66
90
-51
99
-50
103
-57
104
-64
104
-63
102
-128
100
-128
96
-128
94
-128
94
-128
93
-128
69
-128
16
-128
-37
-128
-76
-66
-104
-50
-119
-49
-125
-57
-128
-65
-128
-64
-127
-128
-125
-128
-122
-128
-121
-128
-120
-128
-115
-128
-75
-128
-14
-128
37
-128
69
-69
88
-52
99
-51
103
-56
104
-65
105
-64
102
-128
100
-128
96
-128
94
-128
94
-128
93
-128
69
-128
13
-128
-43
-128
-82
-70
-105
-52
-117
-50
-124
-56
-128
-64
-128
-64
-126
-128
-124
-128
-121
-128
-121
-128
-120
-128
-115
-128
-77
-128
-15
-128
38
-128
71
-72
91
-53
99
-52
102
-57
104
-64
104
-65
102
-127
100
-128
96
-128
95
-128
94
-128
93
-128
71
-128
17
-128
-40
-128
-83
-74
-107
-52
-119
-51
-125
-57
-128
-66
-128
-66
-127
-124
-124
-128
-121
-128
-120
-128
-119
-128
-115
-128
-77
-128
-16
-128
35
-128
71
-78
92
-55
101
-52
104
-57
105
-65
105
-68
102
-117
99
-128
95
-128
94
-128
93
-128
-81
-96
-106
-54
-119
-50
-125
-53
-128
-60
-128
-63
-128
-78
-125
-128
-122
-128
-120
-128
-120
-128
-117
-128
-79
-128
-21
-128
29
-128
68
-99
90
-55
99
-50
103
-51
105
-59
105
-62
103
-74
100
-128
97
-128
95
-128
94
-128
94
-128
72
-128
20
-128
-35
-128
-74
-100
-104
-53
-119
-48
-125
-51
-128
-58
-128
-63
-126
-72
-125
-128
-122
-128
-121
-128
-120
-128
-116
-128
-78
-128
-18
-128
34
-128
68
-105
87
-55
99
-49
103
-50
105
-58
105
-62
103
-68
100
-128
97
-128
95
-128
95
-128
93
-128
72
-128
17
-128
-40
-128
-80
-110
-104
-55
-117
-48
-124
-50
-128
-57
-128
-62
-127
-67
-125
-128
-122
-128
-121
-128
-121
-128
-116
-128
-79
-128
-17
-128
37
-128
71
-113
91
-55
99
-49
102
-50
104
-57
105
-62
103
-65
100
-128
97
-128
95
-128
94
-128
94
-128
71
-128
19
-128
-39
-128
-83
-117
-107
-55
-120
-47
-125
-49
-128
-57
-128
-62
-127
-64
-125
-128
-122
-128
-120
-128
-120
-128
-115
-128
-77
-128
-17
-128
34
-128
71
-121
92
-57
101
-49
104
-51
105
-57
105
-62
103
-63
99
-128
96
-128
94
-128
94
-128
93
-128
71
-128
13
-128
-41
-128
-80
-127
-106
-58
-121
-49
-126
-50
-128
-57
-128
-62
-126
-63
-124
-128
-122
-128
-121
-128
-119
-128
-115
-128
-77
-128
-15
-128
39
-128
72
-128
90
-59
100
-49
103
-49
105
-56
104
-62
102
-63
100
-128
97
-128
94
-128
94
-128
93
-128
72
-128
17
-128
-41
-128
-85
-128
-108
-59
-120
-48
-126
-49
-128
-56
-128
-63
-127
-63
-125
-128
-121
-128
-120
-128
-120
-128
-116
-128
-79
-128
-19
-128
36
-128
71
-128
92
-61
100
-50
103
-49
105
-55
105
-62
103
-62
100
-128
96
-128
94
-128
94
-128
93
-128
71
-128
18
-128
-38
-128
-81
-128
-108
-63
-121
-50
-126
-49
-128
-56
-128
-63
-128
-63
-125
-128
-122
-128
-120
-128
-119
-128
-115
-128
-77
-128
-18
-128
35
-128
70
-128
91
-65
101
-50
104
-49
105
-56
105
-62
102
-62
100
-128
96
-128
94
-128
94
-128
93
-128
71
-128
16
-128
-39
-128
-80
-128
-106
-65
-119
-49
-126
-49
-128
-56
-128
-64
-127
-63
-125
-128
-122
-128
-120
-128
-119
-128
-115
-128
-81
-128
-18
-128
37
-128
70
-128
90
-68
100
-50
104
-50
106
-55
105
-63
103
-62
100
-128
96
-128
94
-128
93
-128
92
-128
72
-128
21
-128
-38
-128
-82
-128
-106
-69
-119
-51
-125
-49
-128
-56
-128
-63
-128
-64
-125
-128
-122
-128
-121
-128
-120
-128
-116
-128
-78
-128
-20
-128
30
-128
69
-128
90
-72
99
-51
103
-49
104
-56
104
-64
102
-63
100
-123
96
-128
95
-128
94
-128
93
-128
71
-128
18
-128
-36
-128
-75
-128
-104
-73
-120
-49
-126
-49
-128
-55
-128
-63
-127
-64
-125
-118
-122
-128
-121
-128
-120
-128
-116
-128
-78
-128
-17
-128
35
-128
68
-128
87
-77
99
-53
103
-50
105
-55
105
-63
102
-63
100
-110
96
-128
94
-128
94
-128
93
-128
71
-128
15
-128
-40
-128
-81
-128
-104
-80
-117
-52
-124
-49
-128
-55
-128
-62
-126
-63
-125
-105
-122
-128
-121
-128
-120
-128
-116
-128
-78
-128
-17
-128
36
-128
70
-128
89
-82
97
-53
100
-50
102
-55
103
-63
101
-64
99
-101
96
-128
94
-128
93
-128
93
-128
71
-128
19
-128
-39
-128
-83
-128
-107
-83
-119
-51
-124
-49
-127
-55
-128
-63
-126
-64
-124
-96
-121
-128
-119
-128
-119
-128
-116
-128
-79
-128
-19
-128
33
-128
69
-128
91
-87
99
-54
102
-50
103
-55
103
-63
100
-64
97
-91
94
-128
91
-128
91
-128
91
-128
70
-128
15
-128
-40
-128
-79
-128
-105
-90
-119
-54
-126
-50
-128
-54
-127
-62
-126
-64
-123
-87
-121
-128
-120
-128
-119
-128
-115
-128
-79
-128
-19
-128
36
-128
69
-128
88
-91
97
-54
101
-51
103
-53
103
-62
101
-64
98
-83
95
-128
92
-128
92
-128
92
-128
72
-128
19
-128
-39
-128
-83
-128
-106
-94
-119
-53
-125
-49
-128
-53
-128
-62
-126
-64
-123
-80
-120
-128
-119
-128
-119
-128
-115
-128
-80
-128
-21
-128
33
-128
69
-128
90
-97
99
-55
101
-50
103
-53
103
-60
101
-64
99
-77
95
-128
93
-128
92
-128
92
-128
72
-128
21
-128
-35
-128
-80
-128
-106
-100
-120
-54
-125
-50
-128
-52
-128
-60
-126
-64
-124
-75
-121
-128
-119
-128
-119
-128
-115
-128
-80
-128
-21
-128
30
-128
67
-128
88
-103
98
-55
103
-50
104
-52
103
-60
101
-63
99
-71
95
-128
93
-128
93
-128
92
-128
72
-128
20
-128
-36
-128
-77
-128
-103
-107
-117
-55
-125
-49
-128
-52
-128
-60
-126
-64
-124
-70
-121
-128
-119
-128
-118
-128
-115
-128
-84
-128
-23
-128
33
-128
68
-128
88
-110
98
-57
103
-50
104
-52
104
-58
102
-63
99
-68
95
-128
92
-128
92
-128
92
-128
73
-128
26
-128
-34
-128
-79
-128
-104
-114
-117
-56
-124
-50
-128
-52
-128
-59
-127
-63
-124
-67
-120
-128
-120
-128
-119
-128
-115
-128
-82
-128
-25
-128
26
-128
66
-128
88
-116
97
-57
101
-50
103
-50
103
-57
101
-63
99
-63
95
-128
94
-128
93
-128
93
-128
77
-128
26
-128
-34
-128
-79
-128
-104
-128
-117
-60
-125
-49
-128
-49
-128
-57
-126
-63
-124
-63
-121
-128
-119
-128
-119
-128
-117
-128
-86
-128
-28
-128
28
-128
67
-128
90
-128
99
-62
102
-50
103
-50
104
-56
102
-63
99
-63
96
-128
93
-128
93
-128
93
-128
77
-128
28
-128
-28
-128
-74
-128
-103
-128
-119
-63
-124
-49
-127
-49
-128
-56
-127
-63
-125
-63
-121
-128
-120
-128
-119
-128
-116
-128
-86
-128
-28
-128
26
-128
64
-128
87
-128
98
-63
103
-49
103
-49
103
-57
102
-63
100
-63
96
-128
94
-128
93
-128
93
-128
78
-128
28
-128
-29
-128
-72
-128
-100
-128
-116
-63
-124
-49
-128
-49
-128
-56
-126
-64
-124
-64
-121
-128
-120
-128
-119
-128
-117
-128
-90
-128
-31
-128
27
-128
64
-128
87
-128
98
-64
103
-50
105
-49
105
-57
103
-63
100
-62
96
-128
93
-128
93
-128
93
-128
79
-128
35
-128
-26
-128
-74
-128
-101
-128
-116
-65
-124
-50
-127
-49
-128
-56
-127
-63
-124
-62
-121
-128
-120
-128
-119
-128
-117
-128
-90
-128
-33
-128
19
-128
61
-128
86
-128
97
-65
101
-50
103
-49
104
-56
102
-63
100
-63
97
-128
94
-128
93
-128
93
-128
80
-128
33
-128
-23
-128
-64
-128
-99
-128
-116
-65
-123
-49
-127
-48
-128
-56
-126
-64
-125
-63
-122
-128
-120
-128
-119
-128
-118
-128
-92
-128
-33
-128
22
-128
60
-128
82
-128
96
-67
102
-51
103
-49
104
-56
103
-64
100
-63
97
-128
94
-128
94
-128
93
-128
81
-128
32
-128
-27
-128
-71
-128
-99
-128
-113
-68
-123
-50
-127
-49
-128
-55
-127
-64
-124
-63
-122
-128
-120
-128
-120
-128
-118
-128
-93
-128
-34
-128
25
-128
63
-128
85
-128
96
-68
101
-51
103
-49
104
-55
103
-63
100
-62
97
-128
94
-128
94
-128
94
-128
81
-128
36
-128
-24
-128
-72
-128
-101
-128
-116
-69
-123
-50
-126
-49
-127
-55
-126
-64
-125
-64
-121
-128
-119
-128
-119
-128
-118
-128
-93
-128
-35
-128
19
-128
62
-128
86
-128
98
-70
103
-51
104
-49
104
-55
103
-63
100
-63
97
-127
94
-128
93
-128
93
-128
83
-128
34
-128
-24
-128
-68
-128
-99
-128
-117
-72
-125
-51
-128
-50
-128
-55
-126
-63
-124
-64
-122
-125
-120
-128
-119
-128
-118
-128
-94
-128
-36
-128
24
-128
63
-128
85
-128
97
-73
102
-51
103
-50
103
-55
102
-63
100
-63
97
-122
94
-128
93
-128
93
-128
84
-128
38
-128
-23
-128
-72
-128
-100
-128
-115
-73
-124
-50
-128
-48
-128
-55
-127
-64
-125
-64
-121
-118
-120
-128
-119
-128
-118
-128
-96
-128
-39
-128
19
-128
62
-128
86
-128
97
-76
102
-52
103
-49
104
-54
103
-63
101
-64
97
-114
94
-128
93
-128
93
-128
84
-128
40
-128
-20
-128
-68
-128
-100
-128
-117
-77
-124
-51
-127
-49
-128
-55
-128
-62
-125
-63
-122
-111
-120
-128
-119
-128
-118
-128
-96
-128
-40
-128
16
-128
58
-128
84
-128
96
-79
103
-51
104
-49
104
-54
103
-62
101
-64
97
-105
95
-128
94
-128
94
-128
85
-128
40
-128
-19
-128
-64
-128
-97
-128
-115
-80
-124
-50
-128
-48
-128
-54
-127
-63
-125
-64
-122
-102
-120
-128
-119
-128
-117
-128
-99
-128
-43
-128
17
-128
58
-128
83
-128
97
-83
103
-52
105
-50
106
-54
104
-62
101
-63
97
-97
94
-128
93
-128
93
-128
85
-128
46
-128
-16
-128
-67
-128
-97
-128
-114
-84
-123
-52
-127
-50
-128
-54
-128
-62
-126
-63
-122
-94
-121
-128
-120
-128
-119
-128
-98
-128
-44
-128
8
-128
55
-128
83
-128
96
-87
101
-53
103
-49
104
-53
103
-62
101
-63
98
-90
94
-128
93
-128
94
-128
86
-128
45
-128
-13
-128
-58
-128
-94
-128
-114
-88
-123
-51
-127
-48
-128
-53
-127
-62
-125
-63
-123
-87
-121
-128
-119
-128
-119
-128
-100
-128
-45
-128
11
-128
53
-128
78
-128
94
-90
101
-53
103
-49
104
-53
103
-61
101
-63
97
-83
94
-128
94
-128
93
-128
86
-128
43
-128
-16
-128
-63
-128
-95
-128
-110
-93
-121
-53
-127
-50
-128
-52
-127
-61
-125
-63
-122
-83
-121
-128
-120
-128
-119
-128
-100
-128
-45
-128
15
-128
57
-128
81
-128
95
-95
100
-53
103
-49
104
-52
103
-60
101
-62
97
-79
94
-128
93
-128
94
-128
87
-128
47
-128
-15
-128
-64
-128
-97
-128
-113
-98
-122
-53
-126
-49
-128
-54
-127
-63
-126
-66
-122
-78
-120
-128
-119
-128
-118
-128
-100
-128
-46
-128
10
-128
56
-128
83
-128
97
-102
102
-57
103
-52
105
-54
103
-61
101
-65
97
-74
94
-128
93
-128
93
-128
87
-128
44
-128
-14
-128
-61
-128
-96
-128
-115
-105
-123
-57
-127
-51
-128
-53
-126
-61
-125
-65
-122
-73
-120
-128
-119
-128
-118
-128
-101
-128
-46
-128
15
-128
57
-128
80
-128
95
-107
101
-57
103
-51
104
-53
102
-59
100
-65
98
-70
94
-128
93
-128
93
-128
87
-128
48
-128
-14
-128
-66
-128
-97
-128
-113
-109
-122
-56
-127
-50
-128
-52
-127
-61
-125
-65
-122
-70
-120
-63
-123
-87
-121
-128
-119
-128
-119
-128
-108
-128
-61
-128
2
-128
48
-128
75
-128
92
-93
100
-54
103
-49
104
-53
103
-60
101
-64
97
-128
80
-128
94
-128
100
-60
103
-50
104
-51
103
-58
101
-64
98
-64
95
-128
94
-128
94
-128
88
-128
51
-128
-6
-128
-53
-128
-92
-128
-113
-128
-122
-59
-126
-49
-128
-50
-127
-58
-126
-64
-123
-64
-121
-128
-119
-128
-119
-128
-104
-128
-51
-128
6
-128
51
-128
75
-128
93
-128
101
-61
103
-51
104
-51
103
-58
101
-63
98
-63
95
-128
94
-128
93
-128
88
-128
50
-128
-10
-128
-59
-128
-92
-128
-109
-128
-121
-62
-127
-50
-128
-50
-127
-57
-125
-64
-122
-64
-121
-128
-120
-128
-119
-128
-103
-128
-51
-128
9
-128
54
-128
79
-128
93
-128
99
-62
102
-50
104
-50
103
-57
101
-64
98
-64
95
-128
94
-128
94
-128
89
-128
51
-128
-9
-128
-61
-128
-95
-128
-113
-128
-122
-62
-125
-49
-128
-49
-127
-57
-125
-64
-122
-65
-120
-128
-119
-128
-119
-128
-104
-128
-51
-128
5
-128
53
-128
81
-128
96
-128
102
-64
103
-51
105
-51
103
-57
100
-64
97
-63
94
-128
93
-128
93
-128
89
-128
49
-128
-10
-128
-58
-128
-94
-128
-113
-128
-123
-64
-126
-50
-128
-50
-127
-57
-125
-64
-123
-63
-120
-128
-119
-128
-119
-128
-104
-128
-51
-128
10
-128
54
-128
79
-128
94
-128
101
-65
103
-52
104
-51
103
-57
101
-64
98
-63
94
-128
93
-128
93
-128
89
-128
52
-128
-10
-128
-62
-128
-95
-128
-112
-128
-122
-65
-127
-49
-128
-49
-127
-57
-126
-64
-122
-63
-120
-128
-119
-128
-119
-128
-104
-128
-53
-128
6
-128
53
-128
82
-128
95
-128
101
-66
103
-51
105
-49
103
-56
101
-64
97
-62
94
-128
93
-128
93
-128
89
-128
52
-128
-7
-128
-59
-128
-95
-128
-114
-128
-123
-68
-126
-50
-128
-50
-128
-56
-126
-63
-123
-63
-120
-128
-119
-128
-119
-128
-104
-128
-53
-128
5
-128
51
-128
79
-128
94
-128
101
-68
103
-51
104
-50
103
-56
101
-64
98
-63
95
-128
94
-128
93
-128
89
-128
51
-128
-7
-128
-57
-128
-92
-128
-111
-128
-122
-69
-127
-50
-128
-49
-128
-55
-126
-64
-123
-64
-120
-128
-119
-128
-118
-128
-105
-128
-54
-128
6
-128
51
-128
79
-128
95
-128
102
-71
105
-51
105
-50
104
-56
101
-63
98
-63
94
-128
93
-128
93
-128
89
-128
54
-128
-6
-128
-59
-128
-93
-128
-111
-128
-121
-72
-127
-52
-128
-50
-128
-55
-126
-64
-123
-64
-120
-126
-120
-128
-119
-128
-104
-128
-55
-128
1
-128
50
-128
79
-128
93
-128
101
-73
103
-51
104
-49
103
-55
101
-63
98
-63
95
-123
94
-128
93
-128
89
-128
54
-128
-3
-128
-51
-128
-90
-128
-111
-128
-122
-73
-126
-50
-128
-49
-127
-55
-126
-64
-123
-64
-120
-120
-119
-128
-119
-128
-105
-128
-55
-128
3
-128
49
-128
75
-128
93
-128
101
-76
103
-52
104
-49
103
-55
101
-63
98
-64
94
-115
94
-128
94
-128
89
-128
52
-128
-8
-128
-57
-128
-91
-128
-109
-128
-121
-76
-127
-52
-128
-49
-127
-54
-125
-63
-122
-64
-120
-113
-120
-128
-119
-128
-105
-128
-53
-128
7
-128
53
-128
78
-128
93
-128
99
-78
103
-52
104
-50
103
-54
101
-62
98
-63
95
-110
94
-128
94
-128
89
-128
54
-128
-6
-128
-59
-128
-94
-128
-112
-128
-121
-78
-125
-51
-128
-49
-128
-55
-126
-63
-123
-64
-120
-108
-119
-128
-119
-128
-106
-128
-55
-128
3
-128
51
-128
80
-128
95
-128
101
-81
103
-53
104
-49
103
-54
101
-63
97
-62
94
-102
93
-128
93
-128
89
-128
52
-128
-6
-128
-55
-128
-92
-128
-112
-128
-123
-82
-126
-53
-127
-49
-127
-54
-125
-62
-123
-63
-121
-101
-120
-128
-118
-128
-105
-128
-55
-128
7
-128
52
-128
77
-128
93
-128
101
-83
103
-52
104
-50
103
-54
101
-62
98
-64
95
-98
94
-128
93
-128
90
-128
55
-128
-5
-128
-60
-128
-93
-128
-110
-128
-121
-84
-127
-51
-128
-48
-128
-54
-126
-62
-122
-64
-120
-96
-119
-128
-119
-128
-105
-128
-58
-128
3
-128
52
-128
81
-128
95
-128
101
-85
103
-53
105
-51
104
-54
101
-62
98
-63
95
-92
93
-128
93
-128
90
-128
56
-128
-2
-128
-56
-128
-93
-128
-113
-128
-123
-88
-126
-53
-128
-50
-128
-54
-126
-65
-123
-65
-120
-90
-119
-128
-119
-128
-106
-128
-58
-128
1
-128
49
-128
78
-128
94
-128
102
-88
103
-53
104
-50
104
-54
101
-63
98
-65
95
-89
94
-128
93
-128
90
-128
55
-123
-2
-96
-52
-128
-90
-128
-111
-128
-122
-112
-127
-88
-128
-128
-128
-128
-126
-128
-123
-128
-120
-113
-119
-128
-118
-120
-107
-128
-60
-128
2
-128
49
-128
77
-125
94
-58
102
-49
104
-50
106
-58
104
-64
101
-65
98
-128
94
-128
93
-128
93
-128
89
-128
58
-128
-2
-128
-56
-128
-91
-128
-110
-61
-121
-50
-126
-51
-128
-58
-128
-64
-126
-64
-123
-128
-121
-128
-120
-128
-119
-128
-107
-128
-60
-128
-5
-128
47
-128
77
-128
93
-62
100
-50
103
-52
-128
-60
-126
-63
-123
-73
-121
-128
-119
-128
-119
-128
-109
-128
-63
-128
-3
-128
49
-128
80
-128
95
-105
101
-54
103
-49
105
-52
103
-60
102
-64
98
-70
94
-128
92
-128
92
-128
89
-128
60
-128
2
-128
-52
-128
-89
-128
-111
-113
-121
-57
-126
-50
-128
-51
-128
-59
-127
-64
-124
-65
-121
-128
-119
-128
-118
-128
-109
-128
-63
-128
-5
-128
45
-128
77
-128
94
-123
101
-58
103
-50
104
-50
104
-58
101
-64
98
-64
93
-128
92
-128
91
-128
90
-128
-128
-128
-128
-128
-128
-128
-128
-128
-128
-128
-128
-60
-128
-51
-128
-51
-128
-58
-128
-63
-128
-63
-128
-128
127
-128
-128
-128
-128
-128
-128
-128
-119
-128
-105
-128
-56
-128
5
-128
53
-61
82
-49
97
-49
103
-57
104
-64
105
-64
104
-128
101
-128
98
-128
94
-128
93
-128
93
-128
89
-128
53
-128
-4
-128
-56
-64
-93
-50
-113
-50
-123
-56
-127
-63
-128
-63
-128
-128
-126
-128
-124
-128
-121
-128
-120
-128
-119
-128
-106
-128
-56
-128
1
-128
48
-66
77
-50
94
-49
101
-56
104
-63
105
-63
104
-128
101
-128
99
-128
95
-128
94
-128
94
-128
91
-128
58
-128
-2
-128
-54
-70
-89
-51
-109
-50
-122
-56
-127
-63
-128
-63
-128
-127
-127
-128
-124
-128
-121
-128
-121
-128
-119
-128
-108
-128
-65
-128
-2
-128
50
-71
77
-49
92
-49
100
-54
103
-63
105
-64
104
-118
102
-128
99
-128
95
-128
94
-128
94
-128
91
-128
59
-128
6
-128
-52
-77
-90
-52
-110
-49
-121
-55
-126
-63
-128
-63
-128
-106
-127
-128
-124
-128
-121
-128
-120
-128
-120
-128
-109
-128
-62
-128
-4
-128
41
-81
74
-52
93
-49
100
-54
103
-62
104
-63
103
-97
101
-128
99
-128
96
-128
95
-128
94
-128
91
-128
61
-128
3
-128
-48
-86
-83
-53
-108
-50
-121
-54
-126
-61
-128
-63
-128
-89
-126
-128
-124
-128
-121
-128
-120
-128
-119
-128
-111
-128
-66
-128
-4
-128
44
-90
75
-52
91
-49
101
-53
104
-61
105
-64
104
-83
102
-128
99
-128
95
-128
94
-128
94
-128
92
-128
62
-128
3
-128
-51
-96
-87
-55
-107
-50
-118
-52
-125
-60
-128
-63
-128
-76
-126
-128
-124
-128
-121
-128
-120
-128
-120
-128
-112
-128
-68
-128
-6
-128
45
-102
75
-55
92
-49
99
-52
102
-60
104
-63
104
-71
102
-128
99
-128
95
-128
94
-128
94
-128
93
-128
66
-128
9
-128
-47
-108
-88
-56
-109
-49
-121
-52
-126
-59
-128
-63
-128
-67
-126
-128
-124
-128
-121
-128
-120
-128
-119
-128
-113
-128
-68
-128
-8
-128
41
-116
74
-56
92
-49
101
-51
103
-58
105
-64
104
-66
102
-128
99
-128
96
-128
94
-128
94
-128
93
-128
66
-128
6
-128
-47
-122
-85
-59
-108
-50
-121
-51
-127
-58
-128
-64
-128
-64
-126
-128
-124
-128
-121
-128
-120
-128
-119
-128
-113
-128
-70
-128
-9
-128
43
-128
74
-59
91
-50
100
-50
103
-58
105
-63
104
-63
102
-128
99
-128
95
-128
94
-128
94
-128
93
-128
68
-128
10
-128
-46
-128
-88
-62
-109
-50
-120
-51
-126
-57
-128
-63
-128
-63
-127
-128
-124
-128
-121
-128
-120
-128
-119
-128
-114
-128
-74
-128
-14
-128
40
-128
74
-62
94
-49
102
-49
104
-57
105
-64
104
-64
102
-128
99
-128
95
-128
93
-128
93
-128
93
-128
68
-128
16
-128
-41
-128
-83
-65
-109
-50
-122
-50
-126
-56
-128
-63
-128
-62
-127
-128
-125
-128
-121
-128
-120
-128
-119
-128
-114
-128
-74
-128
-15
-128
36
-128
70
-68
91
-50
100
-50
104
-56
105
-64
105
-63
102
-128
100
-128
96
-128
94
-128
93
-128
93
-128
70
-128
15
-128
-40
-128
-80
-70
-105
-50
-120
-49
-126
-55
-128
-63
-128
-64
-127
-124
-125
-128
-122
-128
-120
-128
-119
-128
-115
-128
-80
-128
-19
-93
37
-113
70
-122
89
-125
99
-128
103
-127
105
-124
105
-122
103
-119
99
-118
96
-117
94
-114
94
-72
93
-4
72
50
24
81
-37
96
-82
103
-105
104
-119
104
-125
103
-128
101
-128
98
-127
94
-125
92
-122
93
-121
92
-120
69
-116
8
-79
-53
-22
-91
28
-113
68
-122
90
-126
99
-128
102
-127
104
-125
104
-122
103
-119
100
-118
96
-118
94
-115
94
-73
93
-4
73
48
22
79
-34
95
-74
101
-103
103
-119
103
-125
103
-128
101
-128
98
-127
94
-125
93
-121
93
-120
92
-119
72
-117
11
-82
-50
-22
-90
31
-111
67
-122
87
-125
99
-128
104
-127
105
-125
105
-123
103
-119
100
-118
96
-118
94
-115
94
-78
93
-7
74
46
22
78
-36
94
-78
102
-102
103
-116
104
-124
103
-128
101
-128
98
-127
94
-125
92
-122
92
-121
93
-120
73
-117
13
-84
-49
-23
-89
32
-111
68
-121
88
-125
98
-128
102
-127
103
-124
104
-123
102
-119
100
-118
97
-118
94
-116
94
-79
94
-10
77
45
29
77
-32
94
-78
101
-103
103
-118
104
-124
103
-127
102
-128
98
-127
95
-125
93
-122
92
-120
93
-120
75
-117
15
-85
-47
-27
-88
27
-111
66
-121
88
-125
99
-127
103
-127
105
-125
104
-123
103
-78
73
-67
-29
-97
127
63
-32
-114
-121
-128
-70
-127
-123
-128
-128
126
76
-1
74
21
40
21
87
-103
109
36
28
57
52
-33
67
-16
85
1
-113
-112
-122
-128
-113
-128
-68
123
31
-72
67
-105
86
38
-121
26
-66
-125
-1
-121
-98
-125
-88
-97
-65
127
-121
-96
-65
-2
-128
-118
4
-31
109
32
26
69
31
-126
58
-43
-54
-54
55
85
14
-43
65
127
-120
-104
-86
-33
-112
-1
111
99
78
-105
112
-21
121
-113
-16
-127
-36
-93
-121
-40
84
-70
-114
-65
-114
-125
96
-8
101
100
-48
-40
-60
-116
-59
-113
56
-105
41
22
-63
-99
-50
-66
90
-59
-101
-64
-112
-128
-89
-71
-128
-127
126
127
-33
-121
-17
-127
94
-98
49
20
-118
55
-105
-110
-37
21
-4
-117
93
-40
-78
-7
62
-9
-65
-128
-32
-121
-121
71
-24
-4
-4
36
-3
36
-80
106
101
-68
-66
-128
-61
-1
-128
-128
-13
-125
-122
-114
-100
-128
-96
-121
-95
-127
91
33
-49
-26
-57
102
-23
30
11
66
-69
-43
44
-65
73
-28
29
-4
-32
-65
-121
127
-61
-100
-34
109
-94
-128
126
-122
-49
-124
-94
-23
-41
-104
-102
-91
-127
-16
-65
-113
-126
-64
-128
-121
64
-125
-43
-109
-65
64
-65
-67
126
109
-10
-126
-60
-3
-71
-16
-112
-78
112
95
-4
-121
-125
-128
-128
-128
-128
-127
-97
-128
-98
-121
-121
-128
-8
-35
-122
-89
-64
35
-109
-107
-45
-26
75
-64
-99
-66
-59
-30
-4
-115
-121
-124
-100
-8
-99
-97
126
43
-72
-43
-63
-36
47
58
-127
44
-102
30
96
-26
63
12
-97
-37
44
-85
98
-122
32
17
75
-43
4
-26
-40
117
15
98
75
86
-82
102
20
50
37
50
-113
31
-97
-128
-96
-128
127
-63
-112
-4
115
125
-128
-62
-125
-112
105
90
37
54
90
-35
39
38
84
-93
84
67
58
-55
79
-5
38
42
-118
-21
29
27
58
-106
101
45
50
18
50
52
84
20
123
-41
66
-95
-61
86
50
4
-88
-80
-69
107
-41
-11
-30
-96
84
85
47
-22
85
-42
41
42
42
-106
18
85
52
26
-13
45
-18
-89
-33
24
-50
-127
89
-18
84
2
44
52
34
17
41
11
89
26
-108
112
-26
104
65
111
100
-83
51
45
48
84
-54
108
-78
-85
81
54
-108
85
-11
-59
19
45
-43
85
85
53
85
44
-20
111
-63
-4
-63
-16
126
69
79
119
127
42
112
-20
-105
-44
50
89
34
43
-43
-107
42
85
-60
10
100
36
46
126
59
122
8
42
20
8
7
54
44
42
109
2
82
108
33
42
10
74
-85
122
-41
22
-110
103
17
-126
-4
-4
-127
-106
112
127
113
19
69
41
36
53
-27
10
42
37
53
38
38
-43
23
41
20
45
-24
35
-19
-45
79
126
12
35
90
21
-37
42
-34
43
33
37
-125
-33
-25
-128
-105
21
-18
-51
82
-42
-85
28
113
-76
69
-118
-19
38
-85
-107
-107
69
50
-53
34
18
110
42
53
74
-27
85
12
-19
-30
-2
-70
123
27
-125
-1
102
98
35
-88
-21
70
10
42
45
45
42
90
40
7
-43
-93
-11
-90
87
1
-63
-76
26
-43
-121
-38
40
-99
52
-44
82
106
43
-71
37
42
42
53
-99
-93
-79
-76
-111
-74
-119
-86
-11
-93
-125
-126
81
119
-37
-110
-97
106
42
61
42
43
-91
23
26
54
21
53
37
21
85
73
21
-14
44
-3
-35
68
56
57
-84
90
-43
-19
85
34
58
-44
122
-6
-47
-3
-128
86
-115
5
-93
57
47
-81
25
35
-25
107
-116
-88
43
-37
-124
-10
58
-36
37
62
58
-54
85
-83
53
34
-86
-114
-50
-77
-128
88
-115
63
-97
0
-125
-26
111
-3
103
-24
79
-44
40
52
42
-23
21
97
42
12
-82
124
-71
-67
-103
-65
-65
105
-110
-25
-40
-64
-56
-42
34
-87
11
-43
49
115
20
-28
-42
-2
-75
-1
-123
-8
-65
-65
-4
-65
-121
-64
65
125
-113
-63
0
-128
26
-96
74
-43
42
76
84
106
-110
60
123
-29
50
95
40
-28
127
117
-3
71
-4
-98
-113
7
-121
-109
94
-67
-128
-1
-1
-113
-128
96
-128
-128
-128
97
-125
-128
-122
-127
-128
-128
-65
-128
-128
-101
-121
-128
78
-112
65
-72
68
-101
-79
8
-5
121
-32
16
-82
-113
-128
103
-72
125
-127
0
-81
-128
-16
-96
-1
124
-128
127
-128
-123
-67
-18
-36
123
-88
11
-50
-128
-1
-120
-128
120
127
99
-125
-46
72
58
100
100
121
18
91
-24
118
77
-80
-40
-92
94
-33
96
-2
-128
64
126
-128
63
-125
116
-114
-1
-72
24
-121
-91
-128
-55
-86
41
-27
114
61
97
96
-94
-96
-28
-13
-95
-61
-80
-75
-72
-66
103
-64
126
64
127
-97
-22
-114
-19
86
-6
0
-86
124
112
-65
-67
127
-128
64
112
-116
-113
-1
-113
-89
-90
-125
-2
127
101
-71
-38
-99
-12
-46
-9
-40
105
84
78
-5
-26
120
-45
34
-24
-65
-97
125
112
49
124
127
-33
67
92
114
-66
-68
-89
-128
-43
-79
-57
-41
-11
