2
2
2
2
1
2
2
2
2
2
2
2
2
2
1
2
2
2
2
2
2
2
2
2
1
2
2
2
2
1
2
2
2
2
1
1
2
2
1
2
2
2
2
2
2
1
1
2
1
1
2
2
1
2
2
1
2
2
2
2
2
2
2
2
2
2
2
2
2
2
2
2
2
1
2
2
2
2
1
2
1
2
2
2
2
2
1
2
2
2
2
1
1
1
2
2
2
2
2
2
2
2
1
2
2
2
1
2
2
2
1
2
2
2
2
1
2
2
2
2
2
2
2
1
2
2
1
2
2
1
2
2
2
2
2
2
2
2
2
2
1
2
2
2
2
2
1
2
2
2
2
2
1
2
2
2
2
2
2
1
1
2
2
2
2
1
2
2
2
2
2
2
2
2
2
2
2
2
2
2
2
2
1
1
1
1
1
2
1
2
2
2
2
2
2
2
1
2
2
1
2
1
1
2
2
2
2
1
2
2
1
2
2
2
2
2
2
2
2
2
2
2
2
2
1
2
2
2
2
2
1
2
1
2
2
2
2
1
2
2
2
1
2
2
2
2
2
2
2
2
1
2
2
2
1
2
2
1
2
1
2
2
2
2
2
2
2
2
2
2
2
2
2
2
2
2
2
2
2
2
2
2
2
1
2
2
2
2
2
2
2
2
1
1
2
2
2
2
2
1
2
2
2
2
1
2
2
2
2
2
2
2
2
2
2
2
2
2
2
2
2
2
2
2
2
2
2
1
2
1
2
2
1
2
1
2
2
2
2
2
2
2
2
2
2
2
2
2
2
2
2
2
2
2
2
2
2
2
2
2
1
1
2
2
2
2
2
1
1
2
2
1
2
2
2
2
2
2
2
2
2
2
2
2
2
2
2
1
2
2
2
2
2
2
2
2
1
2
2
2
2
2
2
2
1
2
2
2
2
1
2
1
2
1
2
2
2
2
2
2
2
2
2
1
1
2
2
1
2
2
2
2
2
2
2
2
1
2
2
1
1
2
1
1
2
2
1
2
2
2
2
2
2
2
2
2
2
2
2
1
2
2
1
2
2
2
2
2
1
2
2
2
2
2
2
2
2
2
1
2
2
2
2
2
2
1
2
2
2
2
2
1
2
2
1
2
2
1
2
2
2
1
1
1
2
2
2
2
1
1
2
1
2
2
2
2
2
2
2
2
2
2
2
2
1
2
2
2
1
1
2
2
2
2
1
2
1
1
2
2
2
2
2
2
2
2
2
2
2
1
2
1
2
2
2
2
2
1
2
2
2
2
2
1
2
2
2
2
2
2
2
2
2
2
1
2
2
2
1
2
1
2
2
2
2
2
2
2
2
1
1
1
2
2
2
2
2
1
1
2
1
2
2
2
1
2
2
2
1
2
2
2
1
2
2
2
2
1
1
2
2
1
2
2
2
2
1
2
2
2
2
2
2
1
2
1
2
2
2
2
2
2
2
2
2
2
2
2
1
2
2
2
2
2
2
2
2
2
2
2
2
2
1
1
2
1
2
2
2
2
2
2
2
2
2
2
2
2
2
2
2
2
2
2
2
1
2
2
2
2
2
2
2
2
2
2
1
2
2
2
1
2
2
2
2
2
1
2
2
2
2
1
2
2
2
1
2
2
2
2
2
2
2
2
2
2
2
2
2
1
1
2
2
1
2
2
2
2
2
2
2
2
1
1
2
2
1
2
2
2
2
2
2
2
1
2
2
2
2
2
1
1
2
1
2
2
2
2
2
1
2
2
2
2
2
2
2
2
1
2
2
2
1
2
2
2
2
2
2
2
2
2
2
1
2
2
2
2
1
2
2
2
2
2
2
2
2
2
2
2
2
2
1
2
2
2
2
1
2
1
2
2
2
2
1
2
2
1
2
2
2
1
2
2
1
2
2
2
2
1
2
2
2
2
2
2
2
1
2
2
2
2
2
2
2
2
2
2
2
1
2
1
1
2
2
2
2
2
2
2
2
1
2
2
2
2
1
2
2
1
2
2
2
2
2
2
2
1
2
2
1
2
2
2
2
2
2
2
2
2
2
2
2
1
1
2
2
2
2
2
2
1
1
2
2
2
2
1
2
2
2
1
1
2
2
2
2
1
2
2
2
2
2
2
2
1
1
2
1
2
2
2
1
2
2
2
1
2
2
1
2
2
2
2
2
1
1
2
1
2
2
2
2
2
2
2
2
2
2
2
2
1
2
2
2
2
2
2
2
2
2
1
1
2
2
2
2
2
2
2
2
2
2
1
1
2
2
2
2
2
-50
11
-49
58
-56
86
-64
98
-64
103
-128
105
-128
106
-128
104
-128
101
-128
97
-128
94
-128
93
-128
94
-128
86
-70
47
-51
-13
-50
-63
-55
-97
-63
-116
-63
-124
-128
-127
-128
-128
-128
-128
-128
-126
-128
-123
-128
-121
-128
-119
-128
-119
-128
-101
-70
-47
-51
9
-49
55
-56
82
-63
97
-63
102
-128
104
-128
104
-128
103
-128
101
-128
98
-128
95
-128
94
-128
94
-128
88
-70
47
-51
-12
-49
-60
-55
-94
-63
-114
-64
-123
-128
-128
-128
-128
-128
-128
-128
-126
-128
-123
-128
-121
-128
-120
-128
-119
-128
-103
-69
-49
-49
10
-48
54
-55
79
-64
94
-64
101
-128
104
-128
105
-128
104
-128
101
-128
98
-128
95
-128
94
-128
94
-128
88
-70
52
-50
-10
-50
-63
-56
-94
-64
-112
-64
-122
-128
-127
-128
-128
-128
-128
-128
-126
-128
-122
-128
-121
-128
-120
-128
-119
-128
-103
-69
-53
-50
1
-49
51
-55
80
-63
94
-63
101
-128
103
-128
104
-128
104
-128
101
-128
98
-128
95
-128
94
-128
94
-128
89
-69
52
-51
-4
-50
-52
-55
-92
-63
-113
-63
-122
-128
-126
-128
-128
-128
-128
-128
-126
-128
-123
-128
-121
-128
-119
-128
-119
-128
-105
-69
-54
-50
4
-49
50
-56
75
-63
94
-64
102
-128
104
-128
104
-128
103
-128
101
-128
98
-128
94
-128
93
-128
93
-128
89
-70
52
-51
-7
-50
-58
-55
-91
-63
-108
-63
-121
-128
-127
-128
-128
-128
-127
-128
-125
-128
-123
-128
-121
-128
-120
-128
-120
-128
-105
-69
-55
-50
5
-50
51
-55
78
-64
93
-63
99
-128
102
-128
104
-128
103
-128
101
-128
98
-128
94
-128
93
-128
93
-128
89
-69
55
-51
-4
-49
-58
-55
-93
-63
-112
-63
-121
-128
-125
-128
-128
-128
-128
-128
-126
-128
-123
-128
-121
-128
-120
-128
-119
-128
-107
-68
-58
-49
1
-49
50
-56
79
-64
94
-63
100
-128
103
-128
103
-128
103
-128
101
-128
98
-128
94
-128
93
-128
93
-128
90
-70
54
-50
-3
-49
-54
-55
-91
-63
-112
-63
-122
-128
-126
-128
-128
-128
-127
-128
-126
-128
-123
-128
-121
-128
-120
-128
-119
-128
-107
-70
-58
-51
4
-49
50
-55
75
-64
92
-63
100
-128
103
-128
103
-128
103
-128
101
-128
98
-128
95
-128
94
-128
93
-128
91
-71
58
-51
-2
-50
-57
-56
-92
-63
-109
-63
-121
-128
-127
-128
-128
-128
-128
-128
-126
-128
-122
-128
-120
-128
-119
-128
-118
-128
-109
-69
-63
-49
-3
-49
49
-55
79
-64
94
-64
100
-128
103
-128
104
-128
104
-128
101
-128
98
-128
95
-128
93
-128
93
-128
90
-71
61
-51
4
-50
-50
-55
-90
-63
-112
-63
-121
-127
-125
-128
-128
-128
-128
-128
-126
-128
-123
-128
-121
-128
-119
-128
-119
-128
-111
-71
-66
-51
-8
-50
43
-55
74
-63
92
-63
100
-126
102
-128
103
-128
103
-128
101
-128
98
-128
95
-128
93
-128
93
-128
91
-73
63
-51
7
-50
-46
-56
-85
-63
-108
-63
-121
-122
-127
-128
-128
-128
-127
-128
-126
-128
-124
-128
-121
-128
-119
-128
-119
-128
-111
-73
-68
-50
-7
-49
41
-55
72
-64
91
-64
100
-122
103
-128
104
-128
104
-128
101
-128
98
-128
95
-128
93
-128
93
-128
91
-74
67
-51
9
-49
-46
-56
-85
-63
-106
-64
-119
-120
-125
-128
-128
-128
-128
-128
-126
-128
-123
-128
-121
-128
-120
-128
-119
-128
-113
-75
-73
-51
-18
-49
38
-55
72
-63
90
-64
98
-119
101
-128
103
-128
103
-128
101
-128
99
-128
95
-128
93
-128
93
-128
92
-75
68
-52
14
-50
-37
-54
-81
-62
-107
-63
-119
-115
-125
-128
-128
-128
-128
-128
-126
-128
-124
-128
-120
-128
-119
-128
-119
-128
-114
-75
-75
-50
-17
-49
34
-55
67
-63
89
-64
100
-116
103
-128
104
-128
104
-128
102
-128
99
-128
95
-128
93
-128
93
-128
92
-76
69
-52
15
-50
-40
-55
-80
-62
-101
-63
-117
-114
-124
-128
-127
-128
-127
-128
-126
-128
-124
-128
-121
-128
-120
-128
-119
-128
-114
-76
-76
-51
-15
-50
37
-55
70
-63
88
-63
96
-113
101
-128
103
-128
103
-128
101
-128
99
-128
95
-128
93
-128
93
-128
93
-77
72
-52
18
-50
-39
-54
-81
-63
-104
-63
-117
-110
-123
-128
-127
-128
-128
-128
-126
-128
-124
-128
-121
-128
-119
-128
-119
-128
-115
-78
-79
-49
-21
-49
33
-54
70
-63
90
-64
99
-110
102
-128
103
-128
103
-128
101
-128
99
-128
95
-128
94
-128
93
-128
92
-79
72
-52
20
-50
-35
-54
-79
-63
-105
-63
-119
-107
-124
-128
-127
-128
-127
-128
-126
-128
-124
-128
-121
-128
-119
-128
-119
-128
-116
-80
-80
-51
-18
-49
34
-54
68
-62
89
-63
98
-107
102
-128
103
-128
103
-128
101
-128
99
-128
95
-128
93
-128
93
-128
92
-79
74
-52
22
-49
-37
-54
-79
-63
-102
-64
-118
-105
-125
-128
-128
-128
-127
-128
-126
-128
-124
-128
-120
-128
-119
-128
-118
-128
-116
-79
-85
-50
-25
-49
31
-55
70
-63
89
-64
99
-107
103
-128
105
-128
105
-128
102
-128
99
-128
95
-128
93
-128
93
-128
93
-80
76
-52
26
-50
-32
-55
-77
-62
-105
-63
-118
-128
103
-128
104
-128
103
-128
101
-128
97
-128
94
-128
93
-128
93
-81
80
-52
35
-50
-19
-54
-70
-63
-100
-63
-116
-104
-123
-128
-127
-128
-128
-128
-127
-128
-125
-128
-122
-128
-120
-128
-119
-128
-118
-80
-92
-50
-36
-48
19
-54
58
-63
85
-64
98
-105
103
-128
104
-128
105
-128
103
-128
100
-128
96
-128
94
-128
93
-128
92
-80
81
-52
34
-50
-24
-55
-67
-62
-95
-64
-114
-106
-124
-128
-127
-128
-127
-128
-126
-128
-125
-128
-122
-128
-120
-128
-120
-128
-118
-81
-93
-51
-35
-50
22
-54
60
-63
83
-63
94
-106
101
-128
103
-128
104
-128
103
-128
101
-128
97
-128
94
-128
94
-128
93
-80
83
-52
37
-49
-24
-54
-71
-62
-99
-63
-114
-105
-121
-128
-126
-128
-128
-128
-127
-128
-125
-128
-122
-128
-120
-128
-119
-128
-119
-80
-95
-49
-40
-48
19
-54
61
-63
85
-64
97
-105
102
-128
103
-128
104
-128
103
-128
101
-128
97
-128
95
-128
93
-128
93
-81
83
-52
38
-49
-20
-53
-68
-62
-99
-63
-116
-105
-123
-128
-126
-128
-127
-128
-126
-128
-124
-128
-122
-128
-120
-128
-119
-128
-118
-80
-95
-51
-36
-49
20
-54
59
-62
84
-63
97
-106
102
-128
103
-128
104
-128
102
-128
100
-128
97
-128
95
-128
94
-128
94
-80
85
-52
40
-49
-22
-54
-68
-62
-97
-63
-115
-103
-124
-128
-127
-128
-128
-128
-127
-128
-124
-128
-122
-128
-120
-128
-119
-128
-117
-80
-97
-51
-42
-49
17
-54
62
-63
85
-64
97
-106
103
-128
105
-128
105
-128
103
-128
101
-128
97
-128
94
-128
93
-128
93
-80
85
-52
42
-50
-18
-54
-68
-62
-100
-63
-116
-105
-123
-128
-127
-128
-128
-128
-128
-128
-125
-128
-122
-128
-120
-128
-119
-128
-118
-80
-98
-51
-44
-49
14
-54
58
-63
84
-63
97
-105
102
-128
103
-128
104
-128
103
-128
101
-128
98
-128
94
-128
94
-128
94
-80
86
-52
44
-49
-15
-54
-63
-63
-97
-63
-116
-103
-125
-128
-128
-128
-128
-128
-128
-128
-126
-128
-123
-128
-120
-128
-120
-128
-118
-80
-99
-50
-43
-48
13
-54
56
-63
81
-63
96
-104
102
-128
104
-128
105
-128
103
-128
101
-128
98
-128
94
-128
94
-128
94
-82
86
-52
45
-49
-16
-54
-63
-62
-95
-62
-112
-101
-123
-128
-127
-128
-128
-128
-128
-128
-126
-128
-122
-128
-121
-128
-120
-128
-119
-81
-99
-52
-50
-49
11
-54
57
-62
83
-63
95
-102
101
-128
103
-128
105
-128
104
-128
101
-128
98
-128
95
-128
94
-128
94
-81
87
-52
48
-49
-8
-54
-61
-62
-96
-63
-114
-100
-122
-128
-127
-128
-128
-128
-128
-128
-126
-128
-123
-128
-120
-128
-119
-128
-119
-81
-101
-50
-49
-49
8
-54
51
-62
81
-63
97
-100
103
-128
104
-128
105
-128
103
-128
101
-128
98
-128
94
-128
93
-128
93
-82
87
-52
47
-49
-12
-54
-60
-63
-90
-63
-112
-100
-123
-128
-127
-128
-128
-128
-127
-128
-125
-128
-123
-128
-121
-128
-120
-128
-119
-81
-101
-52
-47
-50
11
-53
54
-62
79
-63
93
-101
100
-128
103
-128
104
-128
104
-128
101
-128
98
-128
95
-128
94
-128
94
-82
88
-52
48
-50
-13
-54
-63
-62
-95
-63
-112
-100
-121
-128
-126
-128
-128
-128
-127
-128
-125
-128
-122
-128
-120
-128
-120
-128
-119
-81
-101
-50
-50
-48
10
-53
57
-62
82
-63
95
-100
101
-128
103
-128
105
-128
103
-128
101
-128
98
-128
95
-128
95
-128
94
-83
89
-53
49
-50
-9
-54
-62
-62
-96
-63
-114
-99
-123
-128
-127
-128
-128
-128
-127
-128
-126
-128
-123
-128
-121
-128
-120
-128
-119
-82
-102
-51
-47
-48
11
-54
53
-62
81
-63
95
-99
102
-128
103
-128
105
-128
103
-128
101
-128
99
-128
95
-128
94
-128
94
-83
89
-52
48
-49
-14
-54
-63
-62
-93
-64
-113
-98
-123
-128
-128
-128
-128
-128
-127
-128
-125
-128
-123
-128
-121
-128
-119
-128
-118
-83
-103
-51
-52
-48
9
-54
57
-63
83
-64
96
-99
103
-128
104
-128
105
-128
104
-128
101
-128
98
-128
95
-128
93
-128
94
-83
88
-52
51
-50
-10
-54
-62
-62
-97
-63
-115
-98
-122
-128
-127
-128
-128
-128
-128
-128
-126
-128
-123
-128
-120
-128
-119
-128
-119
-83
-104
-51
-53
-49
7
-54
54
-61
81
-63
95
-99
101
-128
103
-128
104
-128
103
-128
101
-128
98
-128
95
-128
93
-128
93
-83
89
-52
52
-49
-6
-54
-59
-62
-94
-63
-113
-97
-124
-128
-127
-128
-128
-128
-128
-128
-126
-128
-123
-128
-120
-128
-119
-128
-118
-82
-104
-50
-52
-48
5
-53
51
-63
79
-63
94
-100
102
-128
105
-128
105
-128
104
-128
101
-128
98
-128
95
-128
94
-128
94
-83
89
-52
52
-49
-9
-54
-60
-61
-92
-62
-111
-98
-122
-128
-127
-128
-128
-128
-128
-128
-126
-128
-123
-128
-121
-128
-121
-128
-119
-83
-104
-51
-58
-49
5
-53
54
-62
79
-63
94
-99
101
-128
103
-128
105
-128
104
-128
102
-128
99
-128
95
-128
94
-128
94
-83
90
-52
55
-49
0
-54
-56
-61
-94
-62
-112
-99
-122
-128
-126
-128
-128
-128
-128
-128
-126
-128
-123
-64
93
-108
101
-128
104
-128
105
-128
104
-128
102
-128
99
-128
95
-128
94
-128
93
-79
91
-51
59
-49
-1
-54
-53
-62
-87
-62
-109
-108
-121
-128
-127
-128
-128
-128
-128
-128
-126
-128
-124
-128
-122
-128
-120
-128
-119
-78
-109
-51
-66
-49
-3
-53
47
-62
75
-63
93
-109
100
-128
103
-128
105
-128
104
-128
102
-128
99
-128
95
-128
94
-128
93
-78
91
-51
62
-49
8
-53
-49
-62
-89
-64
-109
-108
-121
-128
-126
-128
-128
-128
-128
-128
-127
-128
-124
-128
-121
-128
-120
-128
-120
-77
-111
-50
-66
-48
-8
-54
39
-63
74
-64
93
-110
101
-128
103
-128
105
-128
104
-128
101
-128
99
-128
95
-128
93
-128
93
-80
91
-50
62
-46
4
-52
-46
-62
-81
-64
-107
-109
-121
-128
-126
-128
-128
-128
-128
-128
-126
-128
-124
-128
-122
-128
-120
-128
-120
-79
-111
-51
-66
-49
-5
-55
43
-63
72
-64
89
-110
99
-128
103
-128
104
-128
103
-128
101
-128
99
-128
95
-128
94
-128
94
-78
92
-51
64
-49
5
-55
-48
-62
-86
-63
-107
-108
-118
-128
-125
-128
-128
-128
-128
-128
-126
-128
-123
-128
-121
-128
-121
-128
-120
-78
-112
-50
-70
-49
-7
-54
43
-63
74
-64
92
-110
99
-128
102
-128
104
-128
104
-128
102
-128
99
-128
95
-128
94
-128
93
-79
92
-51
65
-49
10
-55
-46
-62
-87
-63
-110
-108
-120
-128
-125
-128
-127
-128
-128
-128
-126
-128
-124
-128
-121
-128
-120
-128
-119
-79
-112
-52
-69
-49
-9
-55
40
-63
72
-64
91
-109
100
-128
102
-128
104
-128
103
-128
101
-128
99
-128
96
-128
94
-128
93
-81
93
-53
67
-51
8
-55
-44
-63
-82
-64
-107
-108
-120
-128
-126
-128
-128
-128
-128
-128
-126
-128
-124
-128
-121
-128
-120
-128
-119
-80
-113
-52
-74
-50
-11
-55
43
-64
74
-65
91
-108
100
-128
104
-128
105
-128
104
-128
101
-128
99
-128
95
-128
93
-128
93
-83
92
-54
69
-51
14
-56
-43
-65
-85
-66
-108
-106
-119
-128
-126
-128
-128
-128
-128
-128
-126
-128
-124
-128
-121
-128
-120
-128
-120
-81
-115
-51
-77
-51
-16
-58
37
-66
71
-65
91
-107
100
-128
103
-128
104
-128
104
-128
102
-128
100
-128
96
-128
94
-128
93
-83
93
-53
71
-52
19
-57
-39
-64
-81
-65
-107
-105
-121
-128
-126
-128
-128
-128
-128
-128
-127
-128
-124
-128
-121
-128
-120
-128
-118
-83
-115
-52
-77
-49
-18
-55
34
-64
69
-66
90
-103
99
-128
103
-128
104
-128
104
-128
102
-128
99
-128
96
-128
94
-128
93
-82
92
-54
71
-52
16
-55
-38
-63
-79
-64
-104
-104
-119
-128
-125
-128
-128
-128
-128
-128
-127
-128
-124
-128
-121
-128
-121
-128
-119
-82
-115
-52
-81
-50
-20
-55
35
-63
69
-64
88
-103
98
-128
102
-128
104
-128
104
-128
102
-128
99
-128
96
-128
94
-128
93
-81
93
-52
74
-50
26
-54
-35
-63
-79
-63
-104
-103
-118
-128
-124
-128
-128
-128
-128
-128
-127
-128
-125
-128
-122
-128
-120
-128
-119
-81
-116
-50
-84
-49
-26
-54
25
-63
66
-64
90
-102
100
-128
103
-128
105
-128
105
-128
102
-128
100
-128
96
-128
93
-128
93
-81
93
-52
75
-49
24
-54
-31
-62
-72
-62
-102
-102
-118
-128
-124
-128
-127
-128
-128
-128
-127
-128
-125
-128
-122
-128
-121
-128
-119
-81
-117
-50
-85
-48
-25
-53
29
-61
65
-62
85
-103
97
-128
102
-128
104
-128
104
-128
102
-128
100
-128
97
-128
94
-128
93
-80
93
-50
77
-48
25
-53
-33
-60
-75
-62
-101
-101
-115
-128
-124
-128
-128
-128
-128
-128
-127
-128
-124
-128
-122
-128
-121
-128
-119
-79
-117
-49
-88
-47
-28
-52
28
-61
67
-63
87
-101
97
-128
101
-128
103
-128
104
-128
103
-128
100
-128
96
-128
94
-128
94
-80
93
-50
78
-47
29
-52
-30
-60
-76
-62
-103
-101
-117
-128
-124
-128
-127
-128
-128
-128
-127
-128
-125
-128
-122
-128
-120
-128
-120
-81
-118
-50
-87
-48
-28
-53
25
-61
65
-64
87
-103
98
-128
102
-128
104
-128
104
-128
102
-128
99
-128
96
-128
94
-128
94
-81
94
-52
79
-49
29
-54
-29
-62
-72
-63
-101
-100
-118
-128
-125
-128
-128
-128
-128
-128
-126
-128
-124
-128
-122
-128
-120
-128
-119
-81
-117
-51
-92
-49
-32
-54
27
-62
65
-63
86
-101
98
-128
103
-128
105
-128
105
-128
102
-128
99
-128
96
-128
94
-128
93
-82
93
-52
81
-49
33
-54
-27
-62
-75
-63
-102
-99
-117
-128
-125
-128
-128
-128
-128
-128
-127
-128
-125
-128
-121
-128
-120
-128
-120
-82
-118
-51
-93
-49
-35
-54
22
-62
64
-62
87
-100
98
-128
102
-128
103
-128
104
-128
103
-128
101
-128
97
-128
94
-128
94
-82
93
-51
83
-48
37
-53
-22
-62
-69
-62
-100
-98
-118
-128
-125
-128
-127
-128
-128
-128
-127
-128
-125
-128
-122
-128
-120
-128
-119
-82
-118
-51
-94
-48
-37
-53
18
-62
60
-63
85
-98
97
-128
103
-128
104
-128
105
-128
103
-128
100
-128
98
-128
94
-128
93
-84
93
-51
82
-49
36
-53
-21
-61
-66
-62
-98
-96
-116
-128
-124
-128
-128
-80
-106
-128
95
-128
94
-92
94
-53
87
-50
47
-53
-14
-61
-64
-63
-97
-84
-114
-128
-122
-128
-126
-128
-128
-128
-128
-128
-126
-128
-122
-128
-120
-128
-120
-93
-119
-53
-101
-50
-47
-53
10
-61
55
-63
82
-84
95
-128
101
-128
103
-128
103
-128
102
-128
101
-128
98
-128
94
-128
94
-94
94
-54
89
-51
48
-53
-10
-61
-58
-64
-95
-81
-114
-128
-123
-128
-127
-128
-128
-128
-127
-128
-125
-128
-123
-128
-120
-128
-119
-95
-118
-54
-104
-50
-51
-53
11
-61
54
-65
79
-81
95
-128
102
-128
104
-128
105
-128
103
-128
100
-128
97
-128
94
-128
93
-97
93
-54
89
-50
51
-53
-10
-61
-63
-64
-95
-79
-112
-128
-122
-128
-127
-128
-128
-128
-128
-128
-126
-128
-122
-128
-121
-128
-120
-98
-119
-54
-105
-50
-55
-53
5
-60
53
-63
81
-78
95
-128
101
-128
103
-128
104
-128
103
-128
101
-128
98
-128
95
-128
94
-99
93
-55
90
-51
55
-53
-4
-60
-58
-64
-94
-76
-115
-128
-123
-128
-127
-128
-128
-128
-128
-128
-126
-128
-124
-128
-121
-128
-119
-100
-119
-54
-106
-49
-57
-52
2
-61
50
-64
79
-75
95
-128
102
-128
104
-128
104
-128
103
-128
101
-128
98
-128
94
-128
93
-101
93
-56
89
-50
54
-52
-4
-59
-54
-63
-90
-74
-111
-128
-122
-128
-128
-128
-128
-128
-128
-128
-126
-128
-124
-128
-121
-128
-120
-103
-119
-55
-107
-50
-58
-53
3
-60
49
-63
77
-73
93
-128
101
-128
104
-128
105
-128
104
-128
101
-128
99
-128
95
-128
94
-104
94
-56
90
-51
61
-53
0
-59
-56
-63
-91
-71
-110
-128
-121
-128
-126
-128
-128
-128
-128
-128
-127
-128
-124
-128
-121
-128
-120
-105
-119
-54
-108
-49
-63
-53
-8
-60
45
-64
78
-72
94
-128
101
-128
104
-128
105
-128
105
-128
102
-128
99
-128
95
-128
93
-106
93
-56
91
-51
59
-52
4
-60
-44
-63
-87
-71
-110
-128
-121
-128
-126
-128
-128
-128
-128
-128
-127
-128
-124
-128
-121
-128
-120
-106
-119
-56
-110
-50
-62
-52
-4
-59
42
-63
71
-72
91
-128
100
-128
103
-128
105
-128
104
-128
102
-128
99
-128
95
-128
95
-105
94
-56
92
-51
61
-52
2
-59
-48
-63
-86
-71
-106
-128
-120
-128
-126
-128
-128
-128
-128
-128
-126
-128
-124
-128
-121
-128
-121
-106
-120
-54
-110
-48
-65
-51
-3
-60
46
-64
75
-72
91
-128
98
-128
101
-128
103
-128
102
-128
100
-128
98
-128
94
-128
93
-105
93
-55
91
-50
63
-52
4
-59
-51
-63
-88
-69
-109
-128
-120
-128
-124
-128
-128
-128
-128
-128
-126
-128
-124
-128
-121
-128
-120
-106
-120
-56
-112
-49
-67
-52
-10
-59
41
-63
73
-70
91
-128
98
-128
101
-128
102
-128
102
-128
99
-128
97
-128
93
-128
92
-105
91
-56
91
-49
63
-51
7
-59
-44
-63
-85
-70
-108
-128
-121
-128
-125
-128
-128
-128
-126
-128
-126
-128
-124
-128
-120
-128
-119
-106
-118
-55
-112
-49
-70
-51
-9
-59
41
-63
72
-71
90
-128
99
-128
103
-128
104
-128
103
-128
100
-128
97
-128
93
-128
92
-106
92
-56
91
-50
66
-51
8
-59
-47
-63
-85
-70
-107
-128
-119
-128
-126
-128
-128
-128
-128
-128
-125
-128
-123
-128
-120
-128
-119
-107
-119
-55
-113
-50
-73
-52
-13
-59
39
-62
73
-70
90
-128
98
-128
101
-128
103
-128
102
-128
101
-128
98
-128
94
-128
93
-106
93
-56
92
-50
69
-51
14
-59
-43
-62
-84
-69
-109
-128
-120
-128
-125
-128
-128
-128
-128
-128
-126
-128
-123
-128
-120
-128
-119
-107
-118
-53
-114
-49
-75
-51
-17
-59
35
-63
70
-71
90
-128
99
-128
102
-128
103
-128
103
-128
101
-128
98
-128
95
-128
93
-106
92
-55
91
-50
68
-52
14
-58
-38
-63
-80
-70
-106
-128
-119
-128
-125
-128
-128
-128
-127
-128
-126
-128
-124
-128
-121
-128
-119
-104
-118
-55
-113
-49
-75
-51
-14
-59
36
-63
69
-71
88
-128
98
-128
102
-128
104
-128
104
-128
101
-128
99
-128
95
-128
93
-105
93
-55
92
-49
71
-52
17
-59
-40
-63
-80
-70
-104
-128
-117
-128
-125
-128
-128
-128
-128
-128
-127
-128
-124
-128
-120
-128
-119
-106
-118
-54
-114
-49
-80
-52
-24
-60
31
-64
70
-71
90
-128
99
-128
103
-128
104
-128
104
-128
102
-128
99
-128
95
-128
93
-105
93
-56
92
-50
71
-52
21
-59
-31
-63
-77
-71
-104
-128
-118
-128
-124
-128
-127
-128
-128
-128
-126
-128
-124
-128
-121
-128
-119
-105
-118
-56
-115
-50
-79
-52
-21
-59
30
-63
63
-71
86
-128
98
-128
102
-128
103
-128
103
-128
101
-128
99
-128
95
-128
93
-105
93
-55
92
-49
73
-52
20
-58
-34
-63
-75
-71
-100
-128
-117
-128
-124
-128
-127
-128
-127
-128
-126
-128
-124
-128
-121
-128
-120
-105
-119
-54
-115
-48
-81
-51
-21
-59
32
-64
67
-71
87
-128
96
-128
101
-128
104
-128
103
-128
101
-128
99
-128
96
-128
93
-105
93
-55
93
-50
74
-52
22
-59
-36
-63
-79
-71
-103
-128
-116
-128
-122
-128
-127
-128
-128
-128
-126
-128
-123
-128
-120
-128
-119
-105
-118
-55
-116
-50
-82
-128
97
-128
103
-128
105
-128
105
-128
103
-128
100
-128
97
-128
93
-120
93
-58
93
-50
84
-51
42
-58
-12
-63
-64
-65
-98
-128
-114
-128
-123
-128
-126
-128
-128
-128
-127
-128
-126
-128
-122
-128
-120
-121
-120
-59
-119
-50
-98
-51
-43
-59
13
-64
52
-65
80
-128
95
-128
101
-128
102
-128
103
-128
103
-128
100
-128
98
-128
94
-122
93
-58
93
-50
86
-51
43
-58
-14
-63
-62
-64
-92
-128
-112
-128
-123
-128
-127
-128
-128
-128
-127
-128
-125
-128
-122
-128
-120
-126
-120
-58
-118
-49
-99
-50
-43
-58
13
-64
56
-65
80
-128
93
-128
100
-128
103
-128
104
-128
103
-128
100
-128
97
-128
94
-128
94
-59
93
-50
86
-50
45
-57
-16
-63
-64
-63
-95
-128
-112
-128
-120
-128
-126
-128
-128
-128
-127
-128
-125
-128
-122
-128
-120
-128
-119
-60
-119
-49
-101
-50
-48
-57
11
-63
57
-64
82
-128
95
-128
101
-128
102
-128
103
-128
103
-128
100
-128
98
-128
94
-128
94
-60
94
-50
88
-50
49
-56
-7
-64
-61
-64
-96
-128
-114
-128
-122
-128
-126
-128
-128
-128
-127
-128
-125
-128
-122
-128
-120
-128
-119
-60
-118
-49
-104
-50
-49
-57
9
-64
52
-64
80
-128
95
-128
102
-128
104
-128
105
-128
103
-128
100
-128
98
-128
94
-128
93
-62
93
-50
88
-50
51
-57
-10
-63
-60
-64
-91
-128
-111
-128
-122
-128
-127
-128
-128
-128
-127
-128
-125
-128
-122
-128
-121
-128
-119
-62
-119
-50
-105
-49
-55
-57
6
-63
54
-63
79
-128
94
-128
100
-128
103
-128
104
-128
103
-128
101
-128
98
-128
95
-128
94
-62
93
-50
90
-50
56
-57
-4
-63
-58
-63
-95
-128
-113
-128
-121
-128
-126
-128
-128
-128
-128
-128
-126
-128
-122
-128
-120
-128
-119
-62
-119
-48
-107
-49
-60
-56
-1
-64
49
-64
78
-128
95
-128
101
-128
103
-128
104
-128
103
-128
101
-128
98
-128
94
-128
94
-64
93
-50
91
-50
59
-56
2
-63
-52
-63
-90
-128
-111
-128
-123
-128
-127
-128
-128
-128
-128
-128
-126
-128
-123
-128
-121
-128
-119
-64
-118
-50
-109
-49
-61
-56
-3
-63
44
-63
75
-128
92
-128
101
-128
103
-128
105
-128
104
-128
101
-128
99
-128
95
-128
94
-64
93
-50
91
-50
62
-56
3
-63
-50
-62
-86
-128
-108
-128
-120
-128
-126
-128
-128
-128
-128
-128
-126
-128
-123
-128
-121
-128
-120
-65
-119
-49
-111
-49
-72
-56
-9
-63
43
-63
74
-128
92
-128
101
-128
104
-128
105
-128
105
-128
102
-128
98
-128
95
-128
93
-66
93
-50
91
-49
65
-56
14
-64
-43
-63
-86
-128
-107
-128
-119
-128
-125
-128
-128
-128
-128
-128
-126
-128
-124
-128
-121
-128
-120
-66
-119
-50
-113
-49
-71
-56
-14
-64
35
-62
71
-128
91
-128
99
-128
103
-128
104
-128
104
-128
102
-128
99
-128
95
-128
94
-65
94
-50
93
-50
67
-55
12
-63
-40
-62
-78
-128
-105
-128
-120
-128
-125
-128
-128
-128
-127
-128
-126
-128
-124
-128
-121
-128
-120
-66
-119
-49
-115
-49
-73
-56
-13
-64
38
-63
70
-128
87
-128
98
-128
103
-128
104
-128
104
-128
101
-128
98
-128
95
-128
94
-67
94
-50
93
-49
69
-55
12
-63
-43
-63
-82
-128
-104
-128
-117
-128
-124
-128
-128
-128
-128
-128
-126
-128
-124
-128
-121
-128
-120
-67
-119
-51
-115
-49
-77
-55
-16
-64
38
-63
71
-128
90
-128
99
-128
101
-128
104
-128
103
-128
102
-128
99
-128
95
-128
94
-68
93
-49
93
-49
71
-55
20
-63
-38
-63
-81
-128
-106
-128
-119
-128
-124
-128
-126
-128
-127
-128
-127
-128
-124
-128
-121
-128
-119
-68
-118
-49
-115
-48
-79
-56
-19
-63
33
-64
70
-128
90
-128
100
-128
103
-128
104
-128
104
-128
101
-128
99
-128
96
-128
93
-70
93
-51
93
-49
73
-55
18
-63
-37
-63
-77
-128
-104
-128
-119
-128
-125
-128
-128
-128
-128
-128
-126
-128
-124
-128
-121
-128
-120
-69
-119
-50
-116
-49
-82
-55
-21
-63
34
-63
69
-128
87
-128
98
-128
102
-128
103
-128
103
-128
102
-128
99
-128
96
-128
94
-70
93
-51
93
-49
75
-55
24
-63
-36
-63
-80
-128
-105
-128
-117
-128
-124
-128
-128
-128
-128
-128
-127
-128
-124
-128
-121
-128
-120
-70
-119
-49
-116
-47
-85
-55
-27
-64
29
-64
67
-125
90
-128
99
-128
102
-128
104
-128
104
-128
102
-128
99
-128
96
-128
94
-72
93
-50
93
-49
77
-54
29
-62
-30
-62
-76
-123
-103
-128
-119
-128
-125
-128
-127
-128
-128
-128
-127
-128
-125
-128
-121
-128
-120
-73
-118
-50
-117
-49
-87
-54
-29
-63
25
-63
63
-122
86
-128
98
-128
103
-128
104
-128
104
-128
102
-128
99
-128
97
-128
94
-73
93
-51
93
-49
79
-55
30
-62
-27
-63
-71
-119
-100
-128
-116
-128
-124
-128
-128
-128
-128
-128
-127
-128
-125
-128
-122
-128
-120
-73
-118
-49
-117
-48
-93
-54
-35
-63
23
-64
63
-116
86
-128
98
-128
103
-128
105
-128
105
-52
25
-59
-30
-63
-76
-71
-103
-128
-118
-128
-124
-128
-127
-128
-127
-128
-126
-128
-124
-128
-120
-128
-119
-105
-118
-54
-116
-48
-86
-84
-119
-51
-118
-49
-101
-53
-46
-61
11
-63
56
-94
83
-128
96
-128
102
-128
103
-128
104
-128
103
-128
100
-128
97
-128
94
-86
93
-52
93
-49
86
-53
45
-61
-15
-63
-61
-92
-95
-128
-114
-128
-123
-128
-126
-128
-128
-128
-126
-128
-125
-128
-122
-128
-120
-87
-118
-52
-118
-49
-102
-53
-47
-61
13
-63
55
-89
79
-128
94
-128
101
-128
103
-128
104
-128
102
-128
100
-128
98
-128
95
-88
93
-52
94
-49
88
-53
50
-60
-11
-62
-63
-86
-95
-128
-112
-128
-122
-128
-127
-128
-128
-128
-128
-128
-125
-128
-122
-128
-120
-90
-120
-51
-119
-49
-104
-52
-54
-61
7
-63
54
-84
81
-128
95
-128
101
-128
103
-128
104
-128
103
-128
101
-128
97
-128
94
-92
93
-53
93
-49
89
-52
53
-60
-6
-63
-59
-83
-94
-128
-114
-128
-123
-128
-126
-128
-128
-128
-128
-128
-125
-128
-123
-128
-120
-93
-118
-53
-118
-49
-104
-52
-55
-60
2
-62
50
-82
79
-128
94
-128
102
-128
103
-128
104
-128
103
-128
101
-128
98
-128
94
-94
93
-53
93
-49
90
-53
55
-59
-2
-63
-53
-79
-90
-128
-111
-128
-122
-128
-127
-128
-128
-128
-128
-128
-126
-128
-123
-128
-120
-96
-119
-53
-118
-48
-107
-52
-60
-60
2
-63
49
-78
76
-128
93
-128
101
-128
104
-128
105
-128
104
-128
101
-128
98
-128
94
-99
93
-54
92
-49
90
-52
61
-59
0
-62
-55
-75
-90
-128
-109
-128
-120
-128
-126
-128
-128
-128
-128
-128
-126
-128
-123
-128
-121
-100
-120
-54
-119
-49
-109
-52
-65
-58
-10
-63
42
-74
72
-128
87
-128
93
-128
96
-128
99
-128
99
-128
100
-128
100
-128
99
-100
98
-54
98
-49
95
-52
63
-59
6
-63
-43
-72
-85
-128
-109
-128
-120
-128
-124
-128
-127
-128
-127
-128
-125
-128
-123
-128
-120
-103
-119
-53
-119
-49
-110
-51
-63
-58
-2
-63
43
-71
71
-128
91
-128
100
-128
102
-128
104
-128
103
-128
101
-128
99
-128
95
-104
93
-55
93
-50
91
-52
61
-59
4
-62
-48
-71
-84
-128
-105
-128
-119
-128
-126
-128
-128
-128
-127
-128
-125
-128
-123
-128
-120
-106
-120
-55
-119
-49
-111
-51
-67
-58
-5
-63
45
-69
74
-128
91
-128
97
-128
100
-128
102
-128
101
-128
99
-128
96
-128
93
-108
93
-55
93
-50
92
-52
65
-58
6
-63
-49
-69
-87
-128
-108
-128
-119
-128
-124
-128
-127
-128
-127
-128
-125
-128
-122
-128
-119
-111
-119
-55
-118
-49
-112
-51
-69
-58
-11
-64
41
-68
74
-128
92
-128
99
-128
102
-128
103
-128
103
-128
101
-128
97
-128
94
-118
92
-65
92
-57
92
-55
65
-54
9
-57
-42
-62
-84
-128
-108
-128
-120
-128
-125
-128
-127
-128
-127
-128
-125
-128
-124
-128
-121
-113
-119
-57
-118
-50
-112
-50
-71
-58
-9
-63
40
-66
71
-128
90
-128
98
-128
101
-128
102
-128
102
-128
101
-128
99
-128
95
-116
93
-56
93
-51
92
-55
68
-60
12
-64
-46
-65
-84
-128
-106
-128
-118
-128
-125
-128
-128
-128
-128
-128
-125
-128
-122
-128
-120
-121
-119
-57
-119
-49
-114
-50
-75
-59
-14
-64
39
-65
74
-128
91
-128
99
-128
102
-128
104
-128
104
-128
101
-128
99
-128
95
-121
93
-59
93
-53
93
-53
70
-58
17
-65
-41
-64
-83
-128
-108
-128
-119
-128
-125
-128
-128
-128
-128
-128
-126
-128
-123
-128
-120
-125
-118
-60
-119
-52
-114
-53
-77
-59
-17
-66
35
-67
70
-128
91
-128
100
-128
103
-128
104
-128
104
-128
102
-128
100
-128
95
-126
94
-60
93
-52
93
-52
71
-59
19
-65
-36
-66
-78
-128
-104
-128
-119
-128
-126
-128
-128
-128
-128
-128
-126
-128
-124
-128
-121
-128
-119
-59
-118
-50
-114
-51
-81
-59
-21
-65
32
-66
67
-128
90
-128
100
-128
104
-128
106
-128
106
-128
103
-128
100
-128
96
-128
94
-60
93
-51
92
-51
75
-58
22
-64
-36
-65
-78
-128
-103
-128
-117
-128
-124
-128
-128
-128
-128
-128
-126
-128
-124
-128
-121
-128
-120
-60
-119
-51
-116
-51
-83
-58
-28
-64
29
-64
69
-128
89
-128
97
-128
102
-128
104
-128
104
-128
102
-128
100
-128
96
-128
94
-60
94
-50
93
-51
75
-58
26
-63
-28
-64
-74
-128
-103
-128
-118
-128
-124
-128
-127
-128
-128
-128
-127
-128
-125
-128
-121
-128
-120
-59
-119
-49
-116
-51
-83
-58
-25
-65
28
-64
62
-128
87
-128
98
-128
102
-128
104
-128
105
-128
103
-128
100
-128
96
-128
94
-61
94
-50
93
-50
76
-59
25
-66
-31
-65
-74
-128
-99
-128
-116
-128
-124
-128
-127
-128
-127
-128
-126
-128
-124
-128
-121
-128
-120
-62
-119
-51
-117
-51
-85
-58
-25
-65
29
-64
66
-128
86
-128
96
-128
102
-128
103
-128
104
-128
102
-128
100
-128
97
-128
94
-63
94
-50
93
-51
78
-57
29
-64
-31
-64
-75
-128
-101
-128
-116
-128
-123
-128
-127
-128
-128
-128
-127
-128
-124
-128
-121
-128
-120
-61
-119
-50
-117
-50
-89
-57
-33
-64
25
-64
66
-128
88
-128
98
-128
102
-128
103
-128
104
-128
102
-128
100
-128
96
-128
94
-63
93
-51
93
-51
78
-57
30
-128
-96
-128
-113
-128
-122
-128
-126
-128
-128
-128
-127
-128
-125
-128
-123
-128
-120
-71
-119
-49
-119
-48
-100
-55
-47
-64
9
-65
49
-125
79
-128
94
-128
101
-128
103
-128
103
-128
102
-128
100
-128
98
-128
94
-73
93
-52
93
-50
86
-56
46
-63
-12
-63
-60
-121
-90
-128
-111
-128
-122
-128
-126
-128
-128
-128
-127
-128
-126
-128
-122
-128
-120
-74
-120
-51
-119
-50
-102
-54
-47
-63
11
-63
53
-119
77
-128
91
-128
99
-128
102
-128
103
-128
102
-128
100
-128
97
-128
94
-74
94
-50
93
-49
88
-55
50
-62
-11
-63
-60
-115
-92
-128
-110
-128
-119
-128
-125
-128
-128
-128
-127
-128
-125
-128
-122
-128
-120
-75
-119
-50
-118
-48
-105
-54
-56
-63
4
-64
51
-112
78
-128
93
-128
99
-128
102
-128
103
-128
102
-128
99
-128
96
-128
93
-78
92
-51
91
-49
87
-54
52
-61
-4
-62
-56
-106
-92
-128
-112
-128
-120
-128
-125
-128
-126
-128
-126
-128
-125
-128
-122
-128
-120
-79
-119
-51
-118
-49
-106
-53
-56
-61
3
-62
47
-103
75
-128
91
-128
98
-128
100
-128
101
-128
101
-128
99
-128
97
-128
93
-80
92
-50
91
-49
89
-53
56
-61
-4
-62
-54
-99
-89
-128
-109
-128
-121
-128
-125
-128
-127
-128
-126
-128
-124
-128
-122
-128
-120
-81
-119
-50
-118
-47
-107
-53
-60
-61
1
-62
49
-96
76
-128
91
-128
98
-128
101
-128
102
-128
101
-128
99
-128
96
-128
93
-84
92
-51
91
-48
89
-52
58
-60
0
-62
-53
-92
-91
-128
-111
-128
-120
-128
-125
-128
-127
-128
-127
-128
-125
-128
-122
-128
-119
-85
-119
-51
-118
-49
-108
-52
-62
-60
-3
-61
45
-90
75
-128
92
-128
98
-128
100
-128
101
-128
101
-128
99
-128
96
-128
92
-88
91
-52
91
-49
90
-53
61
-62
6
-64
-47
-86
-87
-128
-109
-128
-120
-128
-125
-128
-127
-128
-127
-128
-125
-128
-122
-128
-119
-89
-118
-50
-116
-47
-109
-52
-67
-62
-10
-64
39
-84
71
-128
91
-128
100
-128
103
-128
104
-123
103
-65
100
-128
97
-128
93
-128
92
-112
91
-87
89
-128
63
-128
5
-128
-46
-114
-82
-113
-105
-128
-118
-123
-125
-128
-128
-49
-127
-49
-125
-57
-122
-64
-119
-64
-119
-128
-118
-128
-111
-128
-72
-128
-10
-128
41
-128
72
-128
89
-128
97
-128
101
-66
102
-50
103
-49
100
-56
98
-63
93
-63
92
-128
92
-128
91
-128
67
-128
17
-128
-41
-128
-84
-128
-106
-128
-117
-128
-123
-66
-127
-51
-127
-49
-125
-56
-122
-64
-119
-63
-119
-128
-118
-128
-112
-128
-71
-128
-14
-128
33
-128
70
-128
90
-128
98
-128
101
-68
103
-51
102
-50
100
-56
98
-63
95
-62
93
-128
92
-128
91
-128
67
-128
13
-128
-38
-128
-77
-128
-104
-128
-118
-128
-124
-68
-126
-50
-126
-49
-124
-56
-122
-64
-120
-64
-119
-128
-117
-128
-112
-128
-72
-128
-13
-128
37
-128
69
-128
86
-128
97
-128
101
-69
102
-51
102
-50
101
-56
99
-63
95
-63
94
-128
93
-128
92
-128
70
-128
15
-128
-40
-128
-80
-128
-103
-128
-114
-128
-123
-69
-127
-51
-127
-50
-125
-56
-122
-64
-120
-64
-118
-128
-118
-128
-113
-128
-78
-128
-17
-128
36
-128
71
-128
90
-128
98
-128
102
-70
104
-51
104
-50
102
-55
99
-63
95
-63
93
-128
93
-128
93
-128
72
-128
21
-128
-36
-128
-80
-128
-105
-128
-117
-128
-123
-69
-126
-49
-127
-49
-126
-55
-123
-64
-120
-64
-118
-128
-118
-128
-115
-128
-78
-128
-19
-128
32
-128
68
-128
88
-128
98
-128
102
-71
103
-51
103
-50
101
-55
98
-63
95
-63
93
-128
92
-128
92
-128
74
-128
21
-128
-35
-128
-75
-128
-102
-128
-117
-128
-124
-71
-127
-51
-127
-49
-125
-55
-124
-63
-121
-63
-119
-128
-118
-128
-115
-128
-82
-128
-21
-128
35
-128
69
-128
89
-128
99
-128
103
-72
105
-51
104
-49
102
-55
99
-63
94
-63
92
-125
92
-128
91
-128
75
-128
24
-128
-35
-128
-79
-128
-103
-128
-116
-128
-124
-79
-127
-59
-128
-56
-126
-56
-124
-58
-121
-58
-120
-123
-119
-128
-116
-128
-84
-128
-26
-128
30
-128
69
-128
90
-128
-128
-128
-128
-73
-128
-52
-128
-50
-128
-56
-128
-63
-128
-63
-128
-122
-128
-128
-128
-128
-128
-128
-128
-128
127
-128
-128
-128
-128
-128
-128
-128
-106
-73
-118
-52
-124
-53
-128
-58
-128
-66
-126
-64
-123
-121
-120
-128
-119
-128
-119
-128
-115
-128
-78
-128
-18
-128
36
-128
71
-128
91
-74
99
-53
102
-52
103
-56
102
-64
100
-64
97
-118
93
-128
92
-128
91
-128
91
-128
70
-128
18
-128
-37
-128
-80
-128
-106
-75
-120
-50
-125
-49
-128
-53
-128
-65
-126
-65
-124
-118
-121
-128
-119
-128
-118
-128
-115
-128
-79
-128
-21
-128
31
-128
67
-128
88
-75
97
-52
100
-50
101
-55
100
-63
98
-63
95
-115
92
-128
91
-128
91
-128
91
-128
71
-128
16
-128
-39
-128
-79
-128
-104
-76
-118
-51
-125
-49
-128
-64
21
-64
59
-128
85
-128
98
-128
104
-128
106
-128
106
-128
104
-128
102
-128
98
-128
94
-64
93
-51
92
-63
99
-95
95
-128
94
-128
93
-128
92
-128
72
-128
16
-128
-38
-128
-78
-128
-104
-85
-118
-52
-124
-49
-127
-54
-127
-62
-125
-64
-123
-94
-120
-128
-119
-128
-118
-128
-114
-128
-78
-128
-17
-128
37
-128
70
-128
89
-87
98
-53
102
-50
104
-54
104
-62
101
-63
99
-92
95
-128
93
-128
93
-128
93
-128
72
-128
19
-128
-38
-128
-82
-128
-106
-88
-117
-53
-124
-50
-127
-54
-128
-63
-126
-63
-123
-91
-120
-128
-119
-128
-118
-128
-114
-128
-79
-128
-21
-128
34
-128
71
-128
91
-90
100
-54
103
-51
105
-54
104
-62
102
-65
99
-89
96
-128
93
-128
93
-128
92
-128
72
-128
21
-128
-36
-128
-79
-128
-105
-92
-120
-54
-125
-50
-128
-55
-127
-64
-126
-65
-124
-88
-121
-128
-119
-128
-118
-128
-114
-128
-78
-128
-19
-128
31
-128
68
-128
89
-94
99
-55
103
-50
104
-54
103
-63
102
-65
99
-87
95
-128
94
-128
93
-128
93
-128
72
-128
18
-128
-37
-128
-78
-128
-103
-94
-118
-56
-125
-52
-128
-54
-128
-63
-126
-65
-124
-84
-121
-128
-120
-128
-119
-128
-114
-128
-81
-128
-20
-128
34
-128
69
-128
89
-95
98
-56
103
-52
104
-55
104
-127
102
-126
99
-123
95
-122
93
-118
93
-117
93
-116
72
-112
24
-69
-35
-2
-80
50
-104
80
-117
95
-124
101
-127
103
-128
103
-126
102
-124
100
-121
97
-120
93
-119
91
-115
91
-80
91
-23
66
25
3
65
-56
87
-93
96
-113
100
-121
102
-125
103
-127
102
-126
100
-124
97
-122
96
-118
95
-118
95
-117
73
-113
20
-68
-34
0
-74
50
-103
79
-118
94
-124
100
-127
102
-127
103
-126
102
-124
100
-121
98
-119
93
-118
91
-115
92
-79
91
-20
67
32
4
67
-55
86
-93
98
-112
103
-121
104
-125
104
-127
101
-126
99
-124
95
-122
93
-118
92
-117
92
-116
71
-112
18
-69
-38
-1
-79
50
-103
80
-115
94
-124
101
-127
102
-127
103
-126
102
-123
100
-120
96
-120
93
-120
91
-115
92
-80
92
-19
67
34
4
69
-55
88
-92
97
-113
100
-121
103
-125
103
-127
101
-126
98
-124
95
-122
93
-118
93
-118
93
-117
72
-113
20
-69
-37
-1
-80
50
-105
80
-118
94
-124
100
-127
102
-127
102
-126
102
-124
100
-121
97
-119
93
-118
92
-115
92
-79
91
-19
68
30
6
68
-54
89
-91
99
-112
102
-121
103
-125
103
-127
101
-127
99
-124
95
-121
93
-118
93
-117
93
-116
72
-114
17
-72
-38
-4
-79
47
-104
79
-119
95
-125
101
-128
103
-127
103
-126
103
-124
100
-121
97
-120
93
-119
91
-115
91
-80
91
-19
69
36
7
70
-53
88
-91
98
-111
102
-121
103
-124
103
-127
101
-126
99
-124
95
-122
93
-118
93
-117
92
-117
73
-113
21
-72
-37
-4
-81
-1
-128
-128
-128
-33
-128
8
-61
-44
10
-22
-36
42
88
-100
22
-96
97
13
3
-14
-31
115
-81
96
-35
111
-65
127
-121
-125
-68
-65
124
116
120
-104
-96
-100
-97
84
94
-83
-107
-43
36
121
69
62
-99
87
112
-115
-105
25
27
-111
-105
-81
-128
-15
15
62
108
-68
-95
-32
-127
-35
37
20
-103
-113
-127
-127
-113
-65
-128
-128
-128
64
-2
-113
-1
-60
-74
127
-128
75
-70
52
-18
55
-99
-7
-62
10
83
-108
90
56
58
-6
-83
51
-97
78
124
-126
-128
98
120
17
-99
56
-64
-128
112
-97
-16
94
113
-119
-99
-128
-112
117
-12
-62
-128
-113
-121
-8
-97
127
-128
49
114
5
-52
86
5
-86
-101
119
-91
117
95
14
-78
73
-67
-29
-97
127
63
-32
-114
-121
-128
-70
-127
-123
-128
-128
126
76
-1
74
21
40
21
87
-103
109
36
28
57
52
-33
67
-16
85
1
-113
-112
-122
-128
-113
-128
-68
123
31
-72
67
-105
86
38
-121
26
-66
-125
-1
-121
-98
-125
-88
-97
-65
127
-121
-96
-65
-2
-128
-118
4
-31
109
32
26
69
31
-126
58
-43
-54
-54
55
85
14
-43
65
127
-120
-104
-86
-33
-112
-1
111
99
78
-105
112
-21
121
-113
-16
-127
-36
-93
-121
-40
84
-70
-114
-65
-114
-125
96
-8
101
100
-48
-40
-60
-116
-59
-113
56
-105
41
22
-63
-99
-50
-66
90
-59
-101
-64
-112
-128
-89
-71
-128
-127
126
127
-33
-121
-17
-127
94
-98
49
20
-118
55
-105
-110
-37
21
-4
-117
93
-40
-78
-7
62
-9
-65
-128
-32
-121
-121
71
-24
-4
-4
36
-3
36
-80
106
101
-68
-66
-128
-61
-1
-128
-128
-13
-125
-122
-114
-100
-128
-96
-121
-95
-127
91
33
-49
-26
-57
102
-23
30
11
66
-69
-43
44
-65
73
-28
29
-4
-32
-65
-121
127
-61
-100
-34
109
-94
-128
126
-122
-49
-124
-94
-23
-41
-104
-102
-91
-127
-16
-65
-113
-126
-64
-128
-121
64
-125
-43
-109
-65
64
-65
-67
126
109
-10
-126
-60
-3
-71
-16
-112
-78
112
95
-4
-121
-125
-128
-128
-128
-54
-128
-63
-125
-63
-123
-114
-120
-128
-119
-128
-118
-128
-114
-128
-80
-128
-19
-128
35
-128
69
-128
87
-78
97
103
17
-126
-4
-4
-127
-106
112
127
113
19
69
41
36
53
-27
10
42
37
53
38
38
-43
23
41
20
45
-24
35
-19
-45
79
126
12
35
90
21
-37
42
-34
43
33
37
-125
-33
-25
-128
-105
21
-18
-51
82
-42
-85
28
113
-76
69
-118
-19
38
-85
-107
-107
69
50
-53
34
18
110
42
53
74
-27
85
12
-19
-30
-2
-70
123
27
-125
-1
102
98
35
-88
-21
70
10
42
45
45
42
90
40
7
-43
-93
-11
-90
87
1
-63
-76
26
-43
-121
-38
40
-99
52
-44
82
106
43
-71
37
42
42
53
-99
-93
-79
-76
-111
-74
-119
-86
-11
-93
-125
-126
81
119
-37
-110
-97
106
42
61
42
43
-91
23
26
54
21
53
37
21
85
73
21
-14
44
-3
-35
68
56
57
-84
90
-43
-19
85
34
58
-44
122
-6
-47
-3
-128
86
-115
5
-93
57
47
-81
25
35
-25
107
-116
-88
43
-37
-124
-10
58
-36
37
62
58
-54
85
-83
53
34
-86
-114
-50
-77
-128
88
-115
63
-97
0
-125
-26
111
-3
103
-24
79
-44
40
52
42
-23
21
97
42
12
-82
124
-71
-67
-103
-65
-65
105
-110
-25
-40
-64
-56
-42
34
-87
11
-43
49
115
20
-28
-42
-2
-75
-1
-123
-8
-65
-65
-4
-65
-121
-64
65
125
-113
-63
0
-128
26
-96
74
-43
42
76
84
106
-110
60
123
-29
50
95
40
-28
127
117
-3
71
-4
-98
-113
7
-121
-109
94
-67
-128
-1
-1
-113
-128
96
-128
-128
-128
97
-125
-128
-122
-127
-128
-128
-65
-128
-128
-101
-121
-128
78
-112
65
-72
68
-101
-79
8
-5
121
-32
16
-82
-113
-128
103
-72
125
-127
0
-81
-128
-16
-96
-1
124
-128
127
-128
-123
-67
-18
-36
123
-88
11
-50
-128
-1
-120
-128
120
127
99
-125
-46
72
58
100
100
121
18
91
-24
118
77
-80
-40
-92
94
-33
96
-2
-128
64
126
-128
63
-125
116
-114
-1
-72
24
-121
-91
-128
-55
-86
41
-27
114
61
97
96
-94
-96
-28
-13
-95
-61
-80
-75
-72
-66
103
-64
126
64
127
-97
-22
-114
-19
86
-6
0
-86
124
112
-65
-67
127
-128
64
112
-116
-113
-1
-113
-89
-90
-125
-2
127
101
-71
-38
-99
-12
-46
-9
-40
105
84
78
-5
-26
120
-45
34
-24
-65
-97
125
112
49
124
127
-33
67
92
114
-66
-68
-89
-128
-43
-79
-57
-41
-11
88
118
-108
-16
110
31
-128
24
-16
-128
-113
119
59
-112
117
-127
-64
26
-43
8
-49
5
-96
22
-35
21
96
-1
-98
-81
-125
-55
-115
-109
-65
120
-122
-72
-127
-119
-1
-97
-65
29
-43
24
-92
59
74
-57
11
93
119
92
111
86
77
-42
-127
-8
-4
-18
-49
-87
127
-128
-68
124
125
109
127
-124
70
37
-15
-113
-128
-109
-124
-128
-16
-121
-128
-60
-125
125
-128
-10
-61
126
-1
44
-47
41
-20
-27
98
6
2
117
-117
-37
-118
25
26
88
-88
-58
-128
-128
127
-123
-1
-1
-1
124
-94
-126
115
-122
-65
88
-127
-128
-3
-38
-45
-98
125
-63
-69
70
-116
99
-16
-128
115
-114
64
-104
-84
20
-75
101
63
-83
-123
-22
11
20
-80
-26
-85
-39
35
-61
-128
2
-1
-15
-116
-89
-64
-80
123
-109
-101
1
0
96
-127
82
-85
-41
85
-45
-111
-117
68
-14
-116
2
3
-108
-80
99
65
-4
-114
-123
127
-71
-99
-63
-128
-9
-33
90
19
-40
-17
110
47
-65
-20
-16
-128
127
-121
-111
-65
-124
-127
-128
-1
-65
-116
-64
-128
-42
40
56
16
48
-17
38
32
-101
43
122
-106
-112
-57
95
85
-79
54
-128
67
94
-128
124
-74
-100
-128
-2
124
-128
70
-1
-124
-38
-95
-128
116
-115
-39
-42
55
-97
-127
64
-97
-16
-128
-113
-128
-95
-64
43
76
6
20
93
-68
-13
120
21
-96
57
124
99
118
-65
-72
127
-128
-128
78
-128
127
-128
-128
-128
-128
-1
-8
-65
-113
99
-43
108
-44
31
78
-72
41
-45
-7
72
41
-5
-74
-8
-120
-80
-33
-128
-1
-128
-7
-120
-65
-27
58
-1
-40
101
35
122
-40
-65
64
94
-104
30
64
33
-121
-127
-40
-117
64
113
-50
-121
17
25
38
-94
-5
123
-77
-23
18
116
37
43
-19
109
27
45
37
-9
-127
-16
-113
-34
-128
-108
-128
-121
-127
-5
-37
-127
-109
-61
-115
-2
57
36
21
-87
17
35
80
11
89
-128
70
69
-101
0
-23
-45
82
-39
-60
54
23
-14
34
-54
-37
42
8
29
50
39
-81
-55
122
103
15
-110
-13
40
81
124
-34
69
-80
-81
-105
101
63
-43
-43
37
45
20
86
21
43
42
57
36
42
95
-43
-38
18
-9
123
-113
-97
-76
-33
65
-125
53
21
-71
42
87
41
84
41
-48
125
-71
-106
57
106
-86
-31
-74
-43
63
20
22
-70
-32
-79
42
6
26
-22
-22
46
35
41
69
45
44
85
-41
21
41
42
-21
-121
-50
-126
-120
-57
-116
-72
-128
-125
-27
-52
-120
-70
70
104
41
37
49
75
42
42
58
85
-128
-127
-97
-128
-98
