2
2
2
2
1
2
1
1
2
2
1
1
2
1
1
2
2
2
2
2
2
1
2
1
2
1
2
1
2
2
2
2
2
1
2
2
2
2
1
2
1
2
2
2
2
2
2
2
1
2
1
1
1
1
2
2
2
2
1
1
1
1
2
1
2
2
1
2
2
1
1
2
2
2
2
2
1
2
1
1
2
2
1
1
2
1
2
1
2
2
2
1
1
2
2
1
1
1
2
2
1
2
1
2
2
2
2
1
1
2
2
2
1
1
1
2
2
1
1
2
1
2
1
2
2
1
2
2
1
2
1
2
1
2
1
1
2
2
2
1
1
1
1
2
2
2
2
2
1
2
1
2
2
2
2
2
1
2
2
1
2
2
1
2
2
2
1
2
1
2
1
1
2
2
1
1
2
2
2
2
2
1
1
1
2
1
1
1
2
1
2
2
2
2
2
1
1
2
2
1
2
1
2
2
2
1
1
2
1
1
1
2
2
1
2
2
2
2
2
1
2
1
1
2
2
2
1
1
2
2
2
2
1
1
1
1
2
1
1
1
2
2
1
2
1
2
2
2
1
2
1
1
2
2
1
1
2
1
1
2
1
2
1
2
1
2
2
2
2
2
2
2
1
2
2
2
2
1
2
1
2
2
1
1
2
1
1
1
2
1
2
2
1
2
2
2
2
1
2
2
1
2
2
2
1
2
2
1
1
1
1
2
2
1
2
1
2
1
2
1
2
1
1
1
1
2
1
2
1
1
2
2
2
1
2
1
1
1
2
2
1
1
1
2
2
2
2
1
1
2
1
2
-128
-128
-128
-128
-128
-128
-128
-128
-94
-128
107
-128
-107
-128
-84
-128
-128
-128
-128
-128
-128
-128
-128
-128
112
127
-128
-128
-122
-128
-128
-128
1
2
2
2
1
2
1
1
1
2
1
2
1
1
2
2
2
2
1
2
1
1
1
1
2
1
2
1
1
2
1
1
2
2
2
2
1
2
1
2
2
2
1
2
1
2
2
1
2
1
2
2
1
2
1
2
2
1
1
1
2
1
1
1
2
2
2
1
1
2
2
2
2
1
2
1
2
1
1
2
2
1
1
1
1
1
1
2
2
2
2
1
1
1
1
2
2
1
1
2
2
2
2
1
2
2
2
2
1
1
2
1
1
2
2
2
1
2
1
2
2
2
2
2
1
2
2
2
1
2
2
2
2
2
2
2
1
1
2
2
1
1
2
1
1
1
1
2
2
1
1
2
1
1
1
2
1
1
2
2
1
2
1
1
2
2
1
2
1
2
1
1
1
2
1
1
2
2
1
2
1
1
1
1
2
2
2
1
2
2
1
1
1
1
2
1
1
1
1
1
1
1
2
1
1
1
1
1
2
1
1
2
2
2
1
2
1
1
2
1
1
1
1
1
2
2
2
2
2
2
2
1
2
2
1
2
2
1
2
1
2
2
2
2
2
1
1
2
1
1
1
1
1
1
2
1
1
2
2
1
2
2
2
1
1
1
1
1
1
2
1
1
2
1
1
1
2
1
1
2
1
2
2
1
1
1
1
2
2
2
2
2
2
1
1
1
1
2
1
2
2
1
1
2
1
1
2
1
1
1
1
1
2
1
1
1
1
2
1
1
1
2
1
1
1
1
2
1
1
1
2
1
1
2
1
2
2
1
2
2
2
1
1
1
2
1
2
1
1
1
2
2
1
2
1
2
2
2
2
2
1
2
2
2
1
2
2
1
1
1
2
2
1
1
1
1
1
2
1
2
2
2
1
1
2
2
2
1
2
1
2
1
1
2
1
1
2
2
1
2
2
1
1
1
1
1
1
1
2
2
2
2
1
1
1
2
1
2
1
2
1
2
1
2
2
1
1
2
2
1
1
2
1
2
1
2
1
2
2
1
2
1
1
2
1
2
1
1
1
1
2
1
2
2
1
2
2
2
1
2
2
2
1
2
2
2
2
2
1
1
2
2
2
2
1
2
1
2
2
1
2
1
1
2
1
2
1
2
2
2
1
1
1
1
2
2
2
1
1
2
2
1
2
1
2
1
2
1
1
2
1
2
1
2
1
1
2
2
2
2
1
1
1
2
1
1
1
1
2
2
2
1
2
1
1
2
2
1
1
1
1
1
2
1
2
1
1
1
2
1
2
2
2
2
2
2
2
1
2
2
2
1
1
1
2
2
2
2
2
2
2
2
2
1
1
2
1
1
1
2
2
2
2
2
1
1
1
1
1
1
2
2
1
2
2
1
1
1
1
1
1
2
1
2
1
1
2
1
2
1
1
2
2
2
1
1
-111
-21
-55
33
-50
71
-52
92
-60
100
-64
103
-69
105
-128
105
-128
102
-128
100
-128
95
-128
94
-128
93
-128
93
-128
74
-115
23
-57
-34
-51
-78
-52
-105
-59
-120
-63
-125
-66
-128
-128
-128
-128
-126
-128
-124
-128
-121
-128
-120
-128
-118
-128
-116
-128
-83
-119
-25
-58
28
-50
66
-52
88
-59
99
-65
103
-66
105
-128
104
-128
102
-128
100
-128
96
-128
94
-128
93
-128
93
-128
77
-123
27
-59
-30
-50
-73
-52
-101
-59
-117
-64
-125
-65
-128
-128
-128
-128
-127
-128
-125
-128
-122
-128
-120
-128
-119
-128
-117
-128
-91
-128
-31
-58
26
-50
65
-51
86
-58
98
-65
102
-66
103
-128
105
-128
102
-128
100
-128
96
-128
94
-128
94
-128
93
-128
81
-128
36
-61
-25
-51
-72
-51
-100
-58
-115
-64
-123
-64
-127
-128
-128
-128
-127
-128
-125
-128
-122
-128
-120
-128
-119
-128
-118
-128
-92
-128
-37
-61
15
-50
59
-52
85
-57
96
-64
101
-64
104
-128
104
-128
103
-128
101
-128
97
-128
94
-128
93
-128
93
-128
83
-128
38
-63
-20
-51
-61
-50
-96
-58
-115
-64
-123
-64
-126
-128
-128
-128
-127
-128
-125
-128
-122
-128
-120
-128
-119
-128
-118
-128
-96
-128
-39
-63
16
-50
57
-50
80
-58
95
-65
102
-64
104
-128
104
-128
103
-128
100
-128
97
-128
93
-128
93
-128
92
-128
84
-128
41
-65
-19
-51
-64
-50
-95
-57
-111
-64
-122
-63
-127
-128
-128
-128
-127
-128
-124
-128
-122
-128
-120
-128
-119
-128
-118
-128
-100
-128
-45
-66
13
-51
56
-50
80
-57
93
-64
99
-64
102
-128
103
-128
103
-128
100
-128
97
-128
94
-128
93
-128
93
-128
87
-128
50
-67
-10
-51
-62
-49
-95
-56
-112
-64
-121
-63
-124
-128
-127
-128
-126
-128
-125
-128
-121
-128
-119
-128
-118
-128
-118
-128
-104
-128
-53
-67
3
-49
50
-49
79
-57
94
-65
100
-64
102
-128
103
-128
102
-128
99
-128
96
-128
93
-128
92
-128
91
-128
88
-128
52
-70
-6
-51
-54
-50
-91
-56
-111
-64
-121
-64
-125
-128
-127
-128
-126
-128
-125
-128
-122
-128
-120
-128
-118
-128
-118
-128
-107
-128
-59
-72
2
-51
48
-50
75
-56
91
-63
99
-64
102
-128
103
-128
103
-128
100
-128
97
-128
93
-128
92
-128
92
-128
89
-128
58
-72
-1
-52
-54
-50
-90
-56
-108
-64
-120
-64
-125
-125
-128
-128
-127
-128
-124
-128
-122
-128
-119
-128
-118
-128
-117
-128
-109
-128
-68
-73
-8
-51
43
-50
76
-56
94
-64
101
-65
104
-121
105
-128
104
-128
101
-128
97
-128
93
-128
91
-128
90
-128
89
-128
62
-75
6
-52
-47
-50
-87
-55
-110
-64
-120
-64
-124
-117
-127
-128
-127
-128
-125
-128
-122
-128
-119
-128
-118
-128
-117
-128
-111
-128
-69
-83
-11
-60
39
-57
71
-56
90
-57
98
-58
101
-112
103
-128
102
-128
100
-128
98
-128
94
-128
93
-128
92
-128
91
-128
67
-77
13
-52
-40
-51
-81
-54
-106
-63
-119
-64
-125
-108
-127
-128
-127
-128
-125
-128
-123
-128
-120
-128
-118
-128
-117
-128
-112
-128
-75
-80
-15
-51
35
-52
69
-58
89
-65
98
-65
102
-106
103
-128
103
-128
101
-128
98
-128
94
-128
92
-128
92
-128
91
-128
72
-82
18
-54
-40
-52
-79
-56
-103
-64
-117
-63
-123
-99
-127
-128
-128
-128
-126
-128
-122
-128
-120
-128
-119
-128
-118
-128
-114
-128
-80
-85
-25
-54
30
-52
68
-54
88
-64
97
-65
101
-97
103
-128
103
-128
101
-128
99
-128
96
-128
93
-128
93
-128
93
-128
74
-85
26
-53
-26
-50
-74
-54
-103
-63
-116
-64
-123
-94
-126
-128
-127
-128
-125
-128
-124
-128
-120
-128
-119
-128
-118
-128
-116
-128
-85
-87
-26
-52
26
-49
63
-54
87
-62
99
-64
103
-91
104
-128
104
-128
102
-128
99
-128
96
-128
93
-128
93
-128
92
-128
77
-89
27
-53
-29
-50
-72
-54
-97
-62
-114
-64
-123
-87
-127
-128
-126
-128
-125
-128
-123
-128
-121
-128
-119
-128
-118
-128
-116
-128
-87
-91
-29
-53
27
-49
65
-54
85
-62
95
-64
101
-85
103
-128
104
-128
102
-128
100
-128
97
-128
94
-128
94
-128
94
-128
81
-93
34
-55
-26
-52
-72
-55
-99
-61
-114
-64
-121
-82
-126
-128
-127
-128
-125
-128
-124
-128
-120
-128
-119
-128
-118
-128
-117
-128
-93
-100
-37
-55
21
-49
62
-52
86
-61
97
-65
102
-81
103
-128
104
-128
103
-128
100
-128
97
-128
94
-128
94
-128
94
-128
83
-101
38
-57
-19
-52
-68
-54
-99
-62
-115
-65
-123
-77
-126
-128
-127
-128
-126
-128
-124
-128
-121
-128
-119
-128
-118
-128
-117
-128
-95
-106
-37
-58
19
-53
59
-54
83
-61
97
-63
103
-74
104
-128
104
-128
103
-128
101
-128
98
-128
95
-128
95
-128
94
-128
87
-107
42
-58
-20
-53
-66
-54
-96
-62
-114
-65
-123
-73
-127
-128
-128
-128
-126
-128
-124
-128
-121
-128
-120
-128
-118
-128
-117
-128
-99
-109
-45
-57
15
-51
61
-54
85
-61
97
-66
103
-72
106
-128
106
-128
104
-128
102
-128
98
-128
95
-128
94
-128
94
-128
87
-113
48
-58
-12
-52
-64
-54
-98
-128
-117
-128
-117
-128
-98
-76
-42
-51
14
-49
55
-56
82
-64
97
-65
102
-117
104
-128
104
-128
103
-128
99
-128
96
-128
93
-128
92
-128
106
-128
105
-128
103
-128
100
-128
96
-128
95
-128
94
-128
93
-128
65
-67
7
-54
-45
-53
-81
-60
-108
-66
-121
-66
-126
-128
-128
-128
-128
-128
-127
-128
-124
-128
-122
-128
-121
-128
-119
-128
-113
-128
-68
-67
-7
-53
43
-52
73
-59
90
-66
100
-66
104
-128
106
-128
105
-128
102
-128
100
-128
97
-128
95
-128
95
-128
93
-128
68
-68
10
-53
-44
-52
-84
-58
-106
-65
-118
-65
-125
-128
-128
-128
-128
-128
-127
-128
-124
-128
-122
-128
-121
-128
-120
-128
-115
-128
-77
-68
-15
-50
38
-50
72
-57
91
-66
99
-65
103
-128
105
-128
105
-128
103
-128
101
-128
97
-128
94
-128
93
-128
93
-128
70
-70
18
-53
-41
-51
-84
-57
-107
-65
-120
-64
-125
-128
-127
-128
-128
-128
-127
-128
-124
-128
-121
-128
-120
-128
-120
-128
-116
-128
-77
-72
-17
-52
33
-50
70
-56
91
-65
100
-64
103
-128
104
-128
103
-128
101
-128
99
-128
96
-128
94
-128
93
-128
93
-128
73
-72
17
-52
-38
-50
-79
-55
-105
-63
-119
-64
-126
-126
-128
-128
-128
-128
-126
-128
-124
-128
-121
-128
-120
-128
-119
-128
-116
-128
-83
-72
-22
-50
34
-49
69
-56
89
-64
100
-64
103
-122
105
-128
105
-128
103
-128
99
-128
96
-128
94
-128
93
-128
93
-128
76
-75
25
-52
-35
-50
-80
-56
-104
-63
-118
-64
-124
-117
-128
-128
-128
-128
-127
-128
-124
-128
-121
-128
-120
-128
-120
-128
-117
-128
-87
-76
-29
-51
29
-49
67
-55
90
-63
99
-64
102
-113
104
-128
104
-128
102
-128
100
-128
97
-128
94
-128
93
-128
93
-128
79
-78
32
-51
-28
-49
-74
-54
-103
-62
-119
-63
-125
-108
-128
-128
-128
-128
-127
-128
-125
-128
-122
-128
-120
-128
-118
-128
-118
-128
-91
-79
-34
-50
21
-47
62
-53
86
-63
98
-63
103
-105
104
-128
105
-128
103
-128
101
-128
97
-128
94
-128
93
-128
93
-128
82
-82
34
-51
-24
-48
-69
-53
-99
-62
-116
-63
-124
-98
-128
-128
-128
-128
-126
-128
-125
-128
-122
-128
-120
-128
-119
-128
-118
-128
-95
-84
-37
-51
21
-49
61
-53
84
-62
97
-63
102
-95
104
-128
105
-128
103
-128
100
-128
97
-128
94
-128
94
-128
94
-128
84
-85
43
-52
-19
-49
-69
-54
-98
-61
-114
-62
-123
-92
-127
-128
-128
-128
-128
-128
-125
-128
-122
-128
-120
-128
-119
-128
-118
-128
-98
-87
-45
-51
9
-48
56
-53
83
-61
97
-64
102
-89
104
-128
105
-128
103
-128
101
-128
97
-128
94
-128
93
-128
93
-128
86
-91
44
-53
-13
-50
-58
-53
-94
-61
-114
-63
-123
-84
-127
-128
-128
-128
-127
-128
-126
-128
-123
-128
-121
-128
-119
-128
-119
-128
-100
-94
-46
-53
11
-50
54
-53
77
-61
94
-63
101
-82
103
-128
104
-128
103
-128
101
-128
98
-128
95
-128
94
-128
94
-128
88
-96
48
-54
-11
-50
-59
-53
-92
-61
-109
-63
-121
-78
-126
-128
-128
-128
-127
-128
-125
-128
-122
-128
-120
-128
-120
-128
-119
-128
-104
-99
-53
-54
8
-49
53
-53
79
-61
94
-64
100
-76
103
-128
104
-128
103
-128
101
-128
98
-128
95
-128
94
-128
94
-128
89
-103
55
-56
-6
-50
-59
-53
-93
-61
-111
-63
-121
-73
-125
-128
-127
-128
-128
-128
-125
-128
-122
-128
-120
-128
-119
-128
-119
-128
-106
-107
-57
-56
1
-51
50
-52
78
-60
94
-64
101
-71
103
-128
103
-128
103
-128
101
-128
98
-128
95
-128
94
-128
94
-128
91
-111
57
-57
-2
-51
-52
-52
-90
-60
-111
-64
-122
-69
-126
-128
-128
-128
-127
-128
-125
-128
-123
-128
-120
-128
-119
-128
-118
-128
-108
-115
-62
-57
1
-50
48
-53
76
-60
93
-65
102
-68
104
-128
105
-128
103
-128
101
-128
98
-128
94
-128
93
-128
93
-128
91
-120
61
-58
1
-52
-55
-53
-90
-58
-109
-65
-121
-66
-126
-128
-128
-128
-127
-128
-125
-128
-123
-128
-120
-128
-119
-128
-118
-128
-111
-124
-68
-59
-6
-52
45
-53
75
-60
92
-65
99
-65
102
-128
104
-128
104
-128
101
-128
99
-128
95
-128
93
-128
93
-128
92
-128
67
-61
11
-52
-45
-52
-86
-59
-110
-65
-120
-65
-124
-128
-127
-128
-127
-128
-126
-128
-123
-128
-120
-128
-119
-128
-118
-128
-113
-128
-73
-61
-15
-51
38
-51
71
-59
92
-66
101
-65
103
-128
104
-128
104
-128
101
-128
99
-128
95
-128
94
-128
93
-128
92
-128
69
-63
15
-51
-39
-52
-80
-59
-105
-65
-120
-65
-126
-128
-128
-128
-128
-128
-126
-128
-124
-128
-121
-128
-119
-128
-118
-128
-114
-128
-77
-63
-17
-52
34
-51
68
-59
89
-65
98
-64
102
-128
104
-128
104
-128
102
-128
99
-128
95
-128
93
-128
93
-128
93
-128
74
-65
21
-53
-38
-52
-78
-58
-103
-65
-117
-64
-124
-128
-127
-128
-128
-128
-126
-128
-124
-128
-120
-128
-119
-128
-118
-128
-116
-128
-84
-65
-30
-50
28
-51
68
-58
89
-65
98
-65
102
-128
104
-128
104
-128
102
52
-57
79
-64
95
-64
102
-128
104
-128
104
-128
103
-128
101
-128
98
-128
94
-128
94
-128
93
-128
89
-65
51
-51
-7
-51
-57
-57
-93
-64
-112
-63
-122
-128
-128
-128
-128
-128
-127
-128
-126
-128
-123
-128
-120
-128
-119
-128
-118
-128
-105
-65
-54
-49
6
-49
52
-57
79
-64
95
-63
102
-128
105
-128
105
-128
104
-128
101
-128
98
-128
95
-128
94
-128
93
-128
89
-67
57
-51
-4
-51
-59
-56
-92
-63
-111
-128
93
-128
86
-78
44
-53
-18
-51
-64
-55
-94
-64
-113
-64
-122
-112
-126
-128
-128
-128
-126
-128
-124
-128
-122
-128
-120
-128
-119
-128
-118
-128
-101
-78
-47
-52
11
-50
57
-56
82
-63
95
-64
101
-112
103
-128
104
-128
103
-128
100
-128
97
-128
94
-128
93
-128
93
-128
88
-79
52
-52
-8
-50
-61
-55
-96
-63
-113
-63
-120
-109
-126
-128
-128
-128
-127
-128
-125
-128
-122
-128
-119
-128
-118
-128
-118
-128
-104
-79
-55
-50
3
-49
51
-55
79
-64
95
-64
101
-108
103
-128
104
-128
103
-128
100
-128
97
-128
94
-128
93
-128
93
-128
89
-81
54
-52
-2
-50
-54
-55
-91
-63
-112
-64
-122
-104
-127
-128
-128
-128
-127
-128
-125
-128
-122
-128
-119
-128
-118
-128
-117
-128
-105
-81
-57
-52
1
-50
47
-54
75
-63
93
-64
100
-103
103
-128
104
-128
103
-128
100
-128
98
-128
95
-128
93
-128
93
-128
90
-82
58
-52
-1
-50
-52
-55
-87
-62
-108
-63
-120
-102
-126
-128
-128
-128
-127
-128
-125
-128
-122
-128
-120
-128
-119
-128
-118
-128
-109
-81
-66
-51
-5
-49
47
-55
76
-63
93
-64
101
-101
103
-128
105
-128
104
-128
101
-128
98
-128
94
-128
93
-128
93
-128
91
-84
62
-53
10
-50
-46
-55
-88
-62
-108
-63
-119
-98
-124
-128
-128
-128
-128
-128
-126
-128
-123
-128
-120
-128
-119
-128
-118
-128
-110
-85
-67
-53
-9
-50
37
-55
72
-62
91
-63
99
-97
102
-128
104
-128
103
-128
101
-128
98
-128
95
-128
93
-128
93
-128
92
-85
65
-53
9
-49
-42
-54
-79
-62
-105
-64
-119
-97
-124
-128
-127
-128
-127
-128
-126
-128
-123
-128
-120
-128
-119
-128
-118
-128
-112
-84
-71
-51
-10
-49
39
-54
70
-62
88
-64
98
-95
102
-128
104
-128
103
-128
101
-128
99
-128
95
-128
94
-128
94
-128
92
-86
68
-54
11
-50
-43
-54
-82
-62
-104
-63
-116
-93
-123
-128
-127
-128
-127
-128
-125
-128
-123
-128
-120
-128
-119
-128
-119
-128
-113
-87
-75
-52
-15
-49
39
-54
71
-63
90
-63
98
-93
101
-128
103
-128
104
-128
102
-128
99
-128
95
-128
94
-128
93
-128
93
-88
71
-53
20
-51
-38
-54
-82
-63
-106
-63
-118
-91
-124
-128
-126
-128
-126
-128
-126
-128
-124
-128
-120
-128
-119
-128
-118
-128
-115
-88
-78
-52
-19
-49
33
-53
69
-62
90
-64
100
-90
104
-128
105
-128
104
-128
102
-128
99
-128
95
-128
93
-128
93
-128
93
-91
73
-53
18
-50
-36
-54
-78
-62
-104
-63
-119
-86
-125
-128
-128
-128
-127
-128
-125
-128
-123
-128
-120
-128
-119
-128
-118
-128
-115
-92
-81
-54
-21
-50
34
-53
69
-62
88
-64
98
-86
102
-128
104
-128
103
-128
102
-128
99
-128
96
-128
94
-128
93
-128
93
-92
76
-54
25
-50
-34
-54
-79
-62
-103
-63
-116
-84
-124
-128
-127
-128
-128
-128
-126
-128
-124
-128
-120
-128
-119
-128
-118
-128
-116
-93
-86
-53
-27
-49
29
-53
67
-62
89
-64
99
-83
102
-128
103
-128
104
-128
103
-128
100
-128
96
-128
94
-128
93
-128
93
-94
77
-55
29
-50
-28
-54
-75
-61
-103
-63
-118
-81
-124
-128
-127
-128
-128
-128
-126
-128
-124
-128
-121
-128
-119
-128
-118
-128
-116
-97
-87
-54
-29
-50
25
-53
65
-61
87
-64
98
-81
103
-128
104
-128
104
-128
102
-128
100
-128
96
-128
94
-128
94
-128
93
-98
79
-55
30
-50
-27
-53
-71
-61
-100
-63
-116
-78
-124
-128
-128
-128
-128
-128
-126
-128
-124
-128
-121
-128
-119
-128
-118
-128
-116
-100
-92
-54
-33
-50
25
-53
63
-62
86
-64
98
-77
103
-128
105
-128
105
-128
103
-128
100
-128
97
-128
93
-128
93
-128
93
-102
81
-56
38
-51
-22
-54
-71
-60
-100
-64
-115
-73
-123
-128
-127
-128
-128
-128
-127
-128
-124
-128
-121
-128
-120
-128
-119
-128
-118
-106
-93
-56
-37
-51
14
-53
59
-61
85
-64
97
-73
101
-128
103
-128
104
-128
103
-128
101
-128
97
-128
95
-128
94
-128
94
-109
83
-57
39
-51
-18
-52
-62
-59
-95
-63
-115
-71
-123
-128
-126
-128
-127
-128
-126
-128
-125
-128
-122
-128
-120
-128
-119
-128
-118
-112
-95
-55
-37
-49
17
-52
58
-60
81
-65
95
-70
102
-128
104
-128
104
-128
103
-128
100
-128
98
-128
95
-128
94
-128
94
-114
84
-57
38
-51
-21
-52
-66
-59
-96
-64
-112
-67
-122
-128
-127
-128
-128
-128
-126
-128
-124
-128
-122
-128
-120
-128
-119
-128
-118
-118
-96
-58
-41
-51
18
-52
60
-59
83
-64
95
-67
100
-128
103
-128
105
-128
103
-128
101
-128
97
-128
94
-128
94
-128
94
-120
-50
49
-57
78
-64
94
-64
100
-128
103
-128
104
-128
104
-128
102
-128
99
-128
96
-128
93
-128
93
-128
90
-69
58
-51
1
-50
-47
-56
-89
-63
-111
-64
-121
-128
-126
-128
-128
-128
-127
-128
-126
-128
-124
-128
-121
-128
-119
-128
-119
-128
-108
-69
-60
-50
-2
-49
46
-57
73
-64
92
-64
101
-128
103
-128
104
-128
103
-128
101
-128
99
-128
95
-128
94
-128
94
-128
91
-71
59
-51
0
-50
-52
-55
-87
-64
-106
-64
-119
-128
-126
-128
-128
-128
-127
-128
-125
-128
-123
-128
-121
-128
-120
-128
-120
-128
-109
-72
-62
-51
-1
-50
47
-55
75
-64
92
-65
99
-127
102
-128
104
-128
103
-128
101
-128
99
-128
95
-128
94
-128
94
-128
93
-73
63
-51
3
-50
-52
-55
-89
-63
-108
-64
-120
-124
-124
-128
-127
-128
-128
-128
-126
-128
-123
-128
-120
-128
-119
-128
-118
-128
-111
-73
-65
-50
-7
-49
45
-56
76
-64
93
-65
101
-121
104
-128
105
-128
104
-128
102
-128
99
-128
95
-128
93
-128
93
-128
91
-76
62
-52
4
-50
-47
-56
-86
-63
-110
-64
-121
-117
-125
-128
-127
-128
-127
-128
-126
-128
-124
-128
-121
-128
-120
-128
-119
-128
-112
-76
-67
-52
-4
-49
44
-56
73
-63
91
-64
100
-116
103
-128
104
-128
103
-128
102
-128
99
-128
95
-128
94
-128
93
-128
92
-78
66
-52
8
-50
-49
-55
-87
-63
-107
-63
-120
-113
-126
-128
-128
-128
-128
-128
-126
-128
-123
-128
-121
-128
-120
-128
-119
-128
-112
-77
-72
-50
-10
-48
43
-55
75
-64
92
-65
100
-111
103
-128
104
-128
104
-128
102
-128
99
-128
95
-128
94
-128
93
-128
93
-80
68
-52
13
-50
-43
-55
-86
-63
-109
-64
-121
-106
-125
-128
-128
-128
-128
-128
-126
-128
-124
-128
-120
-128
-119
-128
-118
-128
-113
-81
-74
-53
-15
-50
37
-55
71
-63
91
-64
100
-105
103
-128
104
-128
104
-128
102
-128
99
-128
95
-128
94
-128
93
-128
92
-82
69
-53
16
-49
-39
-54
-81
-63
-105
-64
-120
-102
-126
-128
-128
-128
-128
-128
-126
-128
-124
-128
-121
-128
-119
-128
-118
-128
-113
-82
-76
-51
-15
-49
37
-54
70
-62
90
-64
100
-100
104
-128
105
-128
104
-128
102
-128
99
-128
96
-128
93
-128
93
-128
92
-85
72
-53
19
-50
-39
-54
-80
-62
-104
-64
-118
-96
-125
-128
-128
-128
-128
-128
-127
-128
-124
-128
-121
-128
-120
-128
-119
-128
-115
-85
-80
-52
-25
-50
32
-54
69
-62
89
-63
98
-95
102
-128
104
-128
104
-128
102
-128
100
-128
96
-128
93
-128
93
-128
93
-85
75
-52
25
-50
-28
-54
-76
-62
-104
-63
-118
-93
-124
-128
-127
-128
-128
-128
-127
-128
-125
-128
-121
-128
-120
-128
-118
-128
-116
-87
-83
-51
-26
-48
27
-54
63
-62
86
-64
98
-93
102
-128
104
-128
105
-128
102
-128
100
-128
96
-128
94
-128
93
-128
93
-88
76
-54
25
-50
-31
-53
-73
-61
-98
-63
-116
-90
-124
-128
-127
-128
-128
-128
-126
-128
-124
-128
-121
-128
-121
-128
-119
-128
-117
-89
-86
-52
-27
-49
28
-53
66
-62
86
-63
96
-89
101
-128
104
-128
104
-128
103
-128
100
-128
96
-128
94
-128
94
-128
94
-89
79
-54
29
-49
-30
-54
-75
-62
-101
-64
-115
-88
-122
-128
-126
-128
-128
-128
-126
-128
-124
-128
-121
-128
-120
-128
-119
-128
-117
-90
-90
-52
-33
-49
24
-53
65
-62
87
-64
98
-88
103
-128
103
-128
104
-128
102
-128
100
-128
96
-128
94
-128
93
-128
93
-92
80
-56
32
-52
-24
-56
-72
-62
-101
-63
-117
-86
-124
-128
-127
-128
-127
-128
-126
-128
-125
-128
-121
-128
-119
-128
-118
-128
-118
-95
-92
-55
-31
-51
24
-56
62
-63
85
-66
97
-85
102
-128
103
-128
103
-128
102
-128
100
-128
97
-128
95
-128
94
-128
94
-96
83
-56
37
-52
-26
-55
-71
-63
-98
-65
-116
-83
-123
-128
-127
-128
-128
-128
-126
-128
-124
-128
-122
-128
-120
-128
-119
-128
-118
-97
-95
-55
-38
-50
20
-54
63
-63
86
-65
97
-82
102
-128
104
-128
104
-128
103
-128
101
-128
97
-128
94
-128
93
-128
93
-98
85
-55
42
-52
-18
-53
-68
-62
-100
-64
-116
-78
-123
-128
-127
-128
-128
-128
-127
-128
-125
-128
-121
-128
-119
-128
-119
-128
-118
-99
-98
-55
-44
-51
15
-54
58
-61
84
-64
98
-79
102
-128
103
-128
104
-128
103
-128
101
-128
98
-128
95
-128
93
-128
93
-101
87
-56
46
-51
-12
-54
-62
-61
-95
-65
-115
-77
-124
-128
-127
-128
-128
-128
-127
-128
-125
-128
-122
-128
-120
-128
-118
-128
-117
-102
-101
-55
-48
-50
9
-53
54
-62
81
-65
96
-75
102
-128
105
-128
105
-128
103
-128
101
-128
98
-128
94
-128
93
-128
93
-104
88
-57
49
-51
-12
-53
-60
-61
-92
-64
-112
-73
-122
-128
-127
-128
-128
-128
-128
-128
-125
-128
-123
-128
-121
-128
-120
-128
-119
-105
-104
-57
-57
-51
5
-53
53
-61
79
-64
94
-72
101
-128
103
-128
104
-128
104
-128
101
-128
99
-128
95
-128
94
-128
93
-107
90
-57
55
-52
0
-53
-55
-61
-92
-64
-111
-72
-121
-76
-63
-104
-126
-119
-128
-126
-128
-128
-128
-128
-128
-127
-128
-125
-128
-121
-128
-120
-128
-119
-71
-115
-50
-83
-49
-23
-54
29
-62
66
-128
-120
-128
-119
-117
-113
-58
-69
-51
-9
-52
39
-59
72
-64
91
-68
99
-128
103
-128
104
-128
103
-128
101
-128
99
-128
96
-128
94
-128
93
-117
93
-58
68
-51
10
-52
-44
-59
-80
-64
-106
-67
-120
-128
-125
-128
-128
-128
-127
-128
-125
-128
-123
-128
-120
-128
-119
-128
-118
-120
-114
-57
-76
-50
-14
-51
41
-60
73
-65
91
-66
99
-128
103
-128
105
-128
104
-128
102
-128
99
-128
95
-128
94
-128
93
-121
93
-60
71
-51
16
-52
-41
-59
-84
-64
-107
-66
-119
-128
-125
-128
-128
-128
-128
-128
-126
-128
-124
-128
-120
-128
-119
-128
-119
-123
-115
-59
-80
-50
-21
-52
34
-59
70
-64
91
-66
99
-128
103
-128
104
-128
104
-128
102
-128
100
-128
96
-128
94
-128
94
-125
93
-59
75
-51
25
-52
-33
-59
-78
-64
-104
-65
-119
-128
-125
-128
-128
-128
-128
-128
-127
-128
-124
-128
-121
-128
-119
-128
-117
-128
-115
-66
-84
-58
-25
-55
28
-56
66
-59
89
-62
100
-128
104
-128
105
-128
104
-128
102
-128
99
-128
96
-128
94
-128
93
-126
93
-61
76
-52
26
-52
-31
-59
-74
-65
-102
-65
-117
-128
-125
-128
-128
-128
-128
-128
-127
-128
-125
-128
-121
-128
-120
-128
-119
-128
-117
-61
-90
-53
-30
-56
27
-61
63
-66
86
-64
98
-128
102
-128
103
-128
105
-128
103
-128
100
-128
96
-128
95
-128
93
-128
93
-62
81
-53
36
-53
-25
-60
-73
-65
-100
-64
-115
-128
-123
-128
-127
-128
-128
-128
-127
-128
-125
-128
-121
-128
-120
-128
-119
-128
-118
-60
-92
-50
-35
-50
17
-58
61
-66
86
-66
97
-128
101
-128
103
-128
104
-128
103
-128
100
-128
97
-128
94
-128
93
-128
93
-61
82
-52
36
-52
-20
-58
-63
-65
-98
-65
-116
-128
-123
-128
-127
-128
-128
-128
-127
-128
-125
-128
-122
-128
-120
-128
-119
-128
-118
-61
-94
-51
-36
-52
20
-58
58
-65
81
-65
96
-128
102
-128
103
-128
104
-128
103
-128
100
-128
97
-128
94
-128
94
-128
94
-61
84
-51
38
-52
-21
-58
-66
-64
-96
-65
-111
-128
-122
-128
-127
-128
-128
-128
-127
-128
-124
-128
-122
-128
-120
-128
-120
-128
-119
-61
-98
-50
-42
-51
18
-59
59
-65
84
-65
97
-128
102
-128
104
-128
105
-128
103
-128
101
-128
97
-128
94
-128
93
-128
93
-61
86
-51
44
-51
-16
-58
-66
-64
-98
-64
-114
-128
-122
-128
-125
-128
-128
-128
-127
-128
-125
-128
-122
-128
-120
-128
-119
-128
-119
-63
-100
-51
-45
-52
10
-58
56
-64
83
-64
96
-128
101
-128
103
-128
104
-128
103
-128
101
-128
98
-128
94
-128
94
-128
94
-63
88
-52
47
-52
-12
-58
-60
-64
-95
-65
-114
-128
-123
-128
-127
-128
-128
-128
-126
-128
-125
-128
-123
-128
-120
-128
-119
-128
-118
-62
-102
-49
-48
-50
12
-58
55
-65
79
-66
95
-128
102
-128
104
-128
105
-128
103
-128
101
-128
98
-128
95
-128
94
-128
93
-63
89
-52
52
-52
-10
-58
-63
-65
-95
-64
-112
-128
-122
-128
-127
-128
-128
-128
-127
-128
-125
-128
-122
-128
-120
-128
-119
-128
-119
-64
-104
-51
-54
-52
7
-58
54
-65
82
-65
95
-128
101
-128
103
-128
104
-128
103
-128
101
-128
98
-128
95
-128
94
-128
94
-65
90
-51
56
-51
-4
-58
-57
-65
-93
-65
-113
-128
-122
-128
-126
-128
-128
-128
-128
-128
-126
-128
-123
-128
-120
-128
-118
-128
-118
-64
-107
-50
-60
-51
0
-58
49
-66
78
-65
95
-128
103
-128
105
-128
105
-128
104
-128
101
-128
98
-128
95
-128
93
-128
93
-65
90
-52
57
-52
1
-58
-52
-65
-89
-65
-111
-128
-122
-128
-127
-128
-128
-128
-127
-128
-126
-128
-124
-128
-121
-128
-120
-128
-119
-67
-108
-52
-61
-53
1
-59
47
-66
75
-66
93
-128
100
-128
103
-128
105
-128
104
-128
102
-128
99
-128
95
-128
94
-128
93
-67
91
-53
62
-53
3
-58
-52
-65
-88
-66
-108
-128
-120
-128
-126
-128
-128
-128
-128
-128
-126
-128
-123
-128
-120
-128
-120
-128
-119
-69
-110
-52
-65
-51
-10
-58
43
-67
75
-68
92
-128
100
-128
103
-128
105
-128
104
-128
102
-128
99
-128
95
-128
94
-128
94
-69
91
-53
63
-53
7
-60
-42
-67
-85
-67
-109
-128
-120
-128
-125
-128
-128
-128
-128
-128
-126
-128
-124
-128
-121
-128
-120
-128
-119
-70
-111
-53
-66
-53
-7
-59
41
-67
70
-66
91
-128
100
-128
103
-128
104
-128
103
-128
102
-128
99
-128
96
-128
94
-128
94
-70
92
-53
65
-52
7
-59
-44
-66
-82
-65
-103
-128
-118
-128
-125
-128
-128
-128
-127
-128
-126
-128
-123
-128
-121
-128
-120
-128
-119
-68
-113
-53
-72
-51
-10
-58
41
-66
73
-65
91
-128
99
-128
103
-128
105
-128
105
-128
102
-128
99
-128
95
-128
93
-128
93
-71
92
-53
68
-52
12
-58
-44
-65
-85
-65
-107
-128
-118
-128
-123
-128
-127
-128
-128
-128
-126
-128
-123
-128
-120
-128
-120
-128
-119
-70
-114
-52
-48
27
-54
-32
-62
-75
-62
-101
-124
-116
-128
-124
-128
-128
-128
-128
-128
-127
-128
-124
-128
-121
-128
-120
-128
-119
-71
-117
-48
-87
-48
-33
-54
26
-63
66
-64
87
-123
97
-128
102
-128
104
-128
104
-128
102
-128
100
-128
97
-128
94
-128
93
-73
93
-51
78
-49
29
-54
-23
-62
-72
-62
-102
-122
-117
-128
-123
-128
-127
-128
-128
-128
-126
-128
-125
-128
-122
-128
-120
-128
-119
-72
-117
-50
-87
-49
-29
-55
23
-62
60
-63
86
-122
97
-128
102
-128
103
-128
104
-128
103
-128
100
-128
97
-128
94
-128
94
-74
93
-51
79
-48
29
-54
-27
-63
-71
-63
-97
-120
-115
-128
-124
-128
-127
-128
-128
-128
-126
-128
-125
-128
-121
-128
-120
-128
-119
-73
-117
-49
-90
-49
-31
-55
24
-63
63
-63
86
-119
97
-128
103
-128
105
-128
105
-128
103
-128
100
-128
97
-128
94
-128
94
-76
93
-52
81
-49
33
-54
-27
-63
-73
-63
-100
-116
-115
-128
-121
-128
-127
-128
-128
-128
-126
-128
-124
-128
-121
-128
-120
-128
-119
-77
-119
-52
-92
-50
-36
-55
21
-63
63
-63
86
-114
97
-128
101
-128
103
-128
103
-128
103
-128
100
-128
97
-128
94
-128
94
-77
94
-52
83
-50
37
-55
-20
-63
-69
-63
-100
-112
-116
-128
-123
-128
-126
-128
-127
-128
-126
-128
-125
-128
-122
-128
-120
-128
-118
-78
-118
-51
-95
-49
-36
-54
21
-63
60
-64
85
-110
97
-128
103
-128
104
-128
104
-128
102
-128
100
-128
97
-128
94
-128
94
-81
93
-53
84
-50
38
-55
-24
-63
-70
-64
-98
-105
-115
-128
-123
-128
-127
-128
-128
-128
-126
-128
-124
-128
-121
-128
-120
-128
-119
-82
-118
-52
-96
-50
-39
-54
19
-63
62
-64
85
-105
96
-128
102
-128
104
-128
104
-128
103
-128
100
-128
97
-128
94
-128
94
-83
94
-53
86
-51
43
-55
-18
-63
-68
-64
-100
-102
-116
-128
-123
-128
-127
-128
-128
-128
-127
-128
-124
-128
-122
-128
-120
-128
-118
-83
-118
-51
-98
-49
-44
-55
14
-64
59
-65
85
-100
98
-128
103
-128
104
-128
105
-128
103
-128
101
-128
97
-128
94
-128
93
-85
93
-54
86
-51
45
-55
-13
-63
-63
-64
-96
-96
-115
-128
-124
-128
-128
-128
-128
-128
-127
-128
-125
-128
-123
-128
-120
-128
-119
-86
-118
-53
-100
-51
-45
-55
10
-63
54
-64
81
-96
95
-128
101
-128
104
-128
105
-128
103
-128
101
-128
97
-128
94
-128
93
-87
93
-54
88
-51
49
-55
-12
-63
-61
-64
-93
-93
-111
-128
-121
-128
-127
-128
-128
-128
-127
-128
-125
-128
-122
-128
-120
-128
-119
-88
-118
-52
-102
-50
-54
-54
7
-63
55
-65
81
-92
94
-128
101
-128
103
-128
105
-128
104
-128
101
-128
98
-128
95
-128
94
-89
94
-54
89
-51
52
-55
-3
-62
-58
-64
-94
-89
-112
-128
-121
-128
-126
-128
-128
-128
-127
-128
-126
-128
-123
-128
-120
-128
-120
-91
-119
-54
-103
-50
-53
-55
4
-62
47
-64
78
-90
94
-128
101
-128
103
-128
104
-128
103
-128
101
-128
98
-128
95
-128
94
-90
94
-54
90
-50
53
-54
-5
-62
-55
-64
-87
-87
-110
-128
-122
-128
-126
-128
-128
-128
-127
-128
-125
-128
-122
-128
-120
-128
-119
-91
-118
-53
-106
-50
-57
-54
4
-63
51
-65
77
-86
92
-128
102
-128
105
-128
105
-128
104
-128
101
-128
98
-128
95
-128
94
-93
93
-54
90
-51
55
-54
-5
-61
-58
-64
-92
-83
-110
-128
-120
-128
-126
-128
-128
-128
-127
-128
-125
-128
-122
-128
-120
-128
-120
-94
-120
-54
-107
-50
-59
-54
2
-62
51
-64
79
-84
94
-128
100
-128
102
-128
104
-128
103
-128
101
-128
99
-128
95
-128
94
-93
94
-55
91
-50
59
-53
1
-61
-54
-63
-91
-83
-110
-128
-121
-128
-125
-128
-127
-128
-127
-128
-125
-128
-123
-128
-120
-128
-119
-94
-119
-52
-109
-50
-59
-54
0
-62
45
-64
76
-83
94
-128
101
-128
104
-128
105
-128
104
-128
102
-128
99
-128
95
-128
94
-95
94
-55
91
-50
60
-54
-1
-60
-53
-63
-88
-80
-110
-128
-121
-128
-126
-128
-128
-128
-127
-128
-125
-128
-123
-128
-121
-128
-120
-95
-119
-54
-110
-50
-63
-54
-1
-61
50
-63
78
-82
93
-128
101
-128
103
-128
105
-128
104
-128
102
-128
98
-128
95
-128
94
-95
94
-54
91
-50
62
-53
4
-61
-51
-64
-90
-81
-111
-128
-120
-128
-126
-128
-128
-128
-128
-128
-126
-128
-122
-128
-120
-128
-120
-94
-119
-52
-111
-49
-67
-53
-6
-62
45
-63
77
-81
95
-128
102
-128
104
-128
105
-128
104
-128
102
-128
99
-128
95
-128
93
-96
93
-54
91
-50
65
-53
8
-60
-46
-62
-87
-80
-109
-128
-122
-128
-126
-128
-128
-128
-128
-128
-126
-128
-124
-128
-121
-128
-120
-95
-118
-53
-111
-50
-68
-53
-9
-60
41
-63
73
-82
92
-128
100
-128
104
-128
105
-128
104
-128
101
-128
99
-128
95
-128
94
-94
93
-54
92
-50
67
-53
10
-61
-44
-63
-82
-81
-106
-128
-120
-128
-126
-128
-128
-128
-128
-128
-126
-128
-124
-128
-120
-128
-120
-94
-119
-52
-113
-48
-76
-52
-13
-61
40
-64
73
-82
91
-128
93
-128
66
-128
6
-128
-49
-64
-86
-51
-107
-51
-120
-58
-125
-64
-128
-64
-127
-128
-125
-128
-123
-128
-120
-128
-119
-128
-119
-128
-112
-128
-71
-128
-10
-128
43
-65
76
-52
94
-51
101
-58
104
-64
105
-63
105
-128
102
-128
99
-128
95
-128
94
-128
93
-128
92
-128
67
-128
12
-128
-44
-65
-86
-50
-110
-50
-121
-58
-125
-65
-128
-64
-128
-128
-126
-128
-123
-128
-120
-128
-119
-128
-118
-128
-113
-128
-73
-128
-13
-128
39
-68
73
-51
92
-51
101
-57
103
-64
104
-64
103
-128
102
-128
98
-128
94
-128
92
-128
92
-128
92
-128
69
-128
16
-128
-38
-128
97
-128
94
-92
94
-54
94
-49
75
-53
25
-61
-35
-63
-79
-86
-104
-128
-117
-128
-124
-128
-127
-128
-127
-128
-126
-128
-124
-128
-121
-128
-120
-90
-119
-51
-116
-49
-82
-53
-23
-62
30
-64
68
-88
89
-128
99
-128
103
-128
104
-128
104
-128
102
-128
99
-128
96
-128
94
-90
93
-53
93
-49
76
-53
22
-61
-35
-63
-76
-87
-103
-128
-119
-128
-125
-128
-128
-128
-128
-128
-126
-128
-124
-128
-122
-128
-120
-89
-119
-53
-117
-49
-85
-53
-25
-62
33
-64
69
-89
88
-128
99
-128
103
-128
105
-128
105
-128
103
-128
99
-128
96
-128
94
-89
94
-53
93
-50
78
-53
28
-61
-32
-63
-78
-89
-103
-128
-117
-128
-124
-128
-128
-128
-128
-128
-126
-128
-124
-128
-121
-128
-120
-88
-119
-51
-117
-49
-88
-53
-30
-62
27
-65
68
-91
90
-128
100
-128
104
-128
105
-128
105
-128
103
-128
100
-128
96
-128
94
-89
93
-54
93
-51
79
-54
31
-62
-27
-64
-74
-89
-103
-128
-119
-128
-125
-128
-128
-128
-128
-128
-127
-128
-125
-128
-121
-128
-120
-89
-118
-53
-117
-49
-89
-53
-32
-62
23
-63
63
-91
87
-128
98
-128
103
-128
104
-128
104
-128
103
-128
101
-128
97
-128
94
-88
94
-53
94
-51
82
-54
33
-61
-25
-63
-70
-90
-100
-128
-117
-128
-124
-128
-128
-128
-128
-128
-127
-128
-125
-128
-122
-128
-120
-87
-119
-52
-117
-49
-94
-54
-36
-62
24
-64
63
-91
85
-128
97
-128
103
-128
105
-128
105
-128
103
-128
100
-128
97
-128
94
-88
94
-53
94
-50
82
-54
40
-62
-22
-64
-70
-91
-99
-128
-115
-128
-123
-128
-127
-128
-128
-128
-127
-128
-125
-128
-122
-128
-120
-90
-119
-55
-118
-53
-95
-56
-39
-66
15
-66
60
-91
85
-128
97
-128
102
-128
104
-128
105
-128
104
-128
101
-128
98
-128
95
-90
94
-54
94
-51
84
-55
39
-66
-19
-68
-62
-90
-97
-128
-116
-128
-123
-128
-127
-128
-128
-113
-127
-65
-125
-128
-122
-128
-120
-128
-119
-112
-118
-108
-96
-128
-39
-128
18
-128
59
-114
82
-113
97
-128
103
-123
105
-128
106
-128
104
-128
101
-128
97
-128
95
-128
94
-128
94
-128
85
-128
40
-120
-20
-57
-66
-50
-96
-52
-111
-60
-122
-65
-127
-66
-128
-128
-127
-128
-125
-128
-122
-128
-121
-128
-120
-128
-119
-128
-98
-128
-41
-125
18
-60
59
-51
83
-52
95
-59
101
-64
103
-64
105
-128
103
-128
101
-128
98
-128
95
-128
94
-128
94
-128
87
-128
45
-128
-16
-61
-66
-51
-98
-52
-114
-58
-123
-64
-126
-65
-128
-128
-127
-128
-125
-128
-122
-128
-120
-128
-119
-128
-119
-128
-100
-128
-45
-128
11
-62
57
-52
83
-51
97
-58
102
-65
104
-64
104
-128
104
-128
101
-128
99
-128
95
-128
94
-128
94
-128
88
-128
45
-128
-15
-63
-62
-50
-95
-51
-114
-58
-123
-65
-127
-64
-128
-128
-126
-128
-125
-128
-122
-128
-120
-128
-119
-128
-119
-128
-101
-128
-46
-128
15
-67
57
-52
81
-51
95
-57
102
-64
104
-64
105
-128
104
-128
101
-128
98
-128
94
-128
94
-128
94
-128
88
-128
49
-128
-12
-69
-64
-52
-96
-51
-113
-57
-122
-64
-127
-64
-128
-128
-127
-128
-125
-128
-122
-128
-120
-128
-119
-128
-118
-128
-102
-128
-51
-128
9
-72
56
-53
84
-51
97
-57
103
-65
104
-65
105
-128
104
-128
101
-128
98
-128
95
-128
94
-128
93
-128
89
-128
52
-128
-7
-74
-59
-51
-95
-50
-115
-57
-123
-65
-127
-65
-128
-120
-127
-128
-125
-128
-123
-128
-120
-128
-119
-128
-119
-128
-104
-128
-54
-128
3
-78
51
-53
80
-51
95
-56
102
-64
104
-64
105
-110
104
-128
101
-128
98
-128
95
-128
94
-128
93
-128
90
-128
54
-128
-4
-82
-54
-53
-91
-50
-111
-56
-122
-63
-127
-65
-128
-101
-127
-128
-126
-128
-123
-128
-121
-128
-119
-128
-118
-128
-106
-128
-57
-128
4
-86
51
-54
77
-51
94
-55
101
-63
103
-64
105
-94
104
-128
102
-128
98
-128
95
-128
94
-128
94
-128
90
-128
58
-128
-2
-90
-57
-53
-91
-50
-111
-54
-121
-63
-126
-65
-128
-89
-128
-128
-126
-128
-123
-128
-121
-128
-120
-128
-119
-128
-107
-128
-61
-128
-7
-95
45
-55
74
-51
87
-54
94
-62
97
-64
99
-81
101
-128
101
-128
101
-128
99
-128
98
-128
98
-128
94
-128
60
-128
2
-99
-47
-56
-88
-51
-110
-54
-121
-61
-125
-65
-127
-78
-127
-128
-125
-128
-123
-69
-80
-51
-105
-50
-119
-57
-126
-65
-128
-64
-128
-128
-126
-128
-125
-128
-122
-128
-120
-128
-119
-128
-113
-128
-76
-128
-14
-128
38
-70
71
-51
91
-50
101
-56
104
-64
105
-64
105
-128
103
-128
99
-128
94
-128
93
-128
92
-128
91
-128
72
-128
17
-128
-40
-71
-80
-50
-104
-49
-117
-56
-125
-64
-128
-65
-128
-127
-127
-128
-125
-128
-122
-128
-120
-128
-119
-128
-115
-128
-79
-128
-25
-128
34
-74
71
-52
91
-51
100
-56
-128
-64
-128
-64
-128
-121
-128
-128
-128
-128
-128
-128
-128
-128
-128
-128
-128
-128
-128
-128
-128
-128
-128
-76
127
-53
-128
-50
-128
-55
-128
-63
-121
-64
-119
-117
-119
-128
-118
-128
-94
-128
-37
-128
22
-128
63
-128
87
-128
98
-128
102
-78
103
-53
104
-50
103
-56
100
-63
97
-64
94
-111
93
-128
93
-128
83
-128
37
-128
-20
-128
-68
-128
-100
-128
-117
-128
-123
-78
-126
-51
-127
-49
-126
-55
-124
-64
-122
-65
-119
-108
-119
-128
-118
-128
-96
-128
-37
-128
19
-128
58
-128
83
-128
97
-128
102
-81
103
-53
103
-50
102
-55
100
-63
97
-64
94
-101
94
-128
94
-128
87
-128
42
-128
-20
-128
-66
-128
-96
-128
-114
-128
-123
-84
-127
-53
-128
-50
-127
-55
-124
-62
-121
-64
-120
-99
-119
-128
-118
-128
-100
-128
-45
-128
14
-128
59
-128
84
-128
96
-128
101
-85
104
-53
105
-50
103
-54
101
-63
98
-64
95
-94
94
-128
94
-128
88
-128
49
-128
-12
-128
-63
-128
-97
-128
-114
-128
-122
-87
-126
-52
-128
-49
-127
-54
-125
-63
-122
-65
-120
-92
-119
-128
-118
-128
-102
-128
-51
-128
7
-128
54
-128
82
-128
96
-128
101
-90
103
-54
105
-50
103
-54
101
-62
98
-64
95
-87
94
-128
94
-128
89
-128
53
-128
-5
-128
-57
-128
-93
-128
-113
-128
-123
-93
-127
-54
-128
-51
-128
-54
-126
-61
-123
-64
-120
-85
-119
-128
-117
-128
-105
-128
-56
-128
3
-128
49
-128
78
-128
95
-128
103
-94
105
-55
106
-50
104
-53
101
-61
98
-63
95
-81
94
-128
93
-128
89
-128
57
-128
-4
-128
-54
-128
-89
-128
-110
-128
-121
-96
-126
-53
-128
-49
-128
-54
-125
-62
-123
-65
-121
-79
-120
-128
-118
-128
-107
-128
-63
-128
-1
-128
48
-128
77
-128
93
-128
100
-100
103
-55
105
-51
104
-54
102
-61
99
-64
95
-75
93
-128
93
-128
91
-128
62
-128
9
-128
-47
-128
-88
-128
-109
-128
-119
-104
-125
-55
-128
-50
-128
-53
-126
-60
-123
-64
-120
-72
-120
-128
-119
-128
-111
-128
-67
-128
-9
-128
38
-128
73
-128
92
-128
101
-108
103
-57
104
-50
104
-53
101
-60
99
-64
96
-70
94
-128
94
-128
92
-128
65
-128
8
-128
-43
-128
-80
-128
-106
-128
-120
-112
-126
-56
-128
-50
-127
-52
-126
-60
-124
-65
-121
-69
-120
-128
-119
-128
-113
-128
-69
-128
-9
-128
39
-128
71
-128
89
-128
98
-117
103
-59
104
-51
104
-53
102
-60
99
-64
95
-67
94
-128
94
-128
93
-128
68
-128
11
-128
-44
-128
-82
-128
-105
-128
-117
-123
-124
-59
-128
-50
-128
-52
-126
-59
-124
-64
-121
-65
-119
-128
-119
-128
-114
-128
-77
-128
-15
-128
39
-128
73
-128
91
-128
99
-128
102
-60
105
-51
104
-51
102
-59
99
-64
95
-65
94
-128
93
-128
93
-128
71
-128
18
-128
-39
-128
-82
-128
-106
-128
-119
-128
-125
-61
-127
-50
-127
-50
-126
-59
-124
-65
-120
-65
-120
-128
-119
-128
-116
-128
-79
-128
-19
-128
31
-128
69
-128
90
-128
99
-128
102
-62
104
-52
103
-51
102
-58
99
-65
96
-64
94
-128
94
-128
94
-128
75
-128
21
-128
-36
-128
-77
-128
-103
-128
-118
-128
-125
-63
-128
-51
-127
-51
-126
-57
-124
-64
-121
-64
-119
-128
-119
-128
-116
-128
-84
-128
-23
-128
33
-128
68
-128
88
-128
98
-128
102
-66
104
-51
104
-51
102
-57
99
-64
96
-64
94
-128
93
-128
93
-119
77
-117
27
-117
-33
-115
-79
-85
-104
-17
-117
40
-124
75
-128
94
-128
102
-127
104
-124
104
-120
103
-120
101
-119
98
-117
94
-88
92
-30
92
26
92
66
79
89
22
98
-40
102
-85
104
-108
105
-119
103
-125
100
-127
97
-127
94
-125
94
-123
94
-119
81
-118
34
-117
-24
-116
-72
-88
-102
-22
-118
36
-125
73
-127
91
-128
100
-127
102
-125
103
-122
103
-119
102
-118
99
-117
95
-93
92
-36
92
20
93
62
83
86
29
99
-35
104
-82
105
-107
105
-119
103
-125
100
-127
97
-128
94
-125
93
-123
93
-120
82
-118
35
-118
-22
-117
-68
-94
-99
-28
-116
33
-124
70
-128
91
-128
99
-127
103
-125
103
-122
103
-120
101
-119
99
-118
95
-97
93
-39
92
20
93
60
84
83
33
95
-32
102
-79
104
-106
105
-119
104
-124
101
-127
98
-127
95
-126
94
-124
94
-120
85
-118
46
-118
-16
-117
-66
-95
-97
-31
-113
30
-122
68
-127
90
-128
99
-128
103
-125
103
-122
103
-120
102
-119
99
-119
96
-100
93
-46
93
6
92
55
86
83
37
96
-28
101
-77
104
-104
104
-118
103
-124
101
-78
73
-67
-29
-97
127
63
-32
-114
-121
-128
-70
-127
-123
-128
-128
126
76
-1
74
21
40
21
87
-103
109
36
28
57
52
-33
67
-16
85
1
-113
-112
-122
-128
-113
-128
-68
123
31
-72
67
-105
86
38
-121
26
-66
-125
-1
-121
-98
-125
-88
-97
-65
127
-121
-96
-65
-2
-128
-118
4
-31
109
32
26
69
31
-126
58
-43
-54
-54
55
85
14
-43
65
127
-120
-104
-86
-33
-112
-1
111
99
78
-105
112
-21
121
-113
-16
-127
-36
-93
-121
-40
84
-70
-114
-65
-114
-125
96
-8
101
100
-48
-40
-60
-116
-59
-113
56
-105
41
22
-63
-99
-50
-66
90
-59
-101
-64
-112
-128
-89
-71
-128
-127
126
127
-33
-121
-17
-127
94
-98
49
20
-118
55
-105
-110
-37
21
-4
-117
93
-40
-78
-7
62
-9
-65
-128
-32
-121
-121
71
-24
-4
-4
36
-3
36
-80
106
101
-68
-66
-128
-61
-1
-128
-128
-13
-125
-122
-114
-100
-128
-96
-121
-95
-127
91
33
-49
-26
-57
102
-23
30
11
66
-69
-43
44
-65
73
-28
29
-4
-32
-65
-121
127
-61
-100
-34
109
-94
-128
126
-122
-49
-124
-94
-23
-41
-104
-102
-91
-127
-16
-65
-113
-126
-64
-128
-121
64
-125
-43
-109
-65
64
-65
-67
126
109
-10
-126
-60
-3
-71
-16
-112
-78
112
95
-4
-121
-125
-128
-128
-128
-128
-127
-97
-128
-98
-121
-121
-128
-8
-35
-122
-89
-64
35
-109
-107
-45
-26
75
-64
-99
-66
-59
-30
-4
-115
-121
-124
-100
-8
-99
-97
126
43
-72
-43
-63
-36
47
58
-127
44
-102
30
96
-26
63
12
-97
-37
44
-85
98
-122
32
17
75
-43
4
-26
-40
117
15
98
75
86
-82
102
20
50
37
50
-113
31
-97
-128
-96
-128
127
-63
-112
-4
115
125
-128
-62
-125
-112
105
90
37
54
90
-35
39
38
84
-93
84
67
58
-55
79
-5
38
42
-118
-21
29
27
58
-106
101
45
50
18
50
52
84
20
123
-41
66
-95
-61
86
50
4
-88
-80
-69
107
-41
-11
-30
-96
84
85
47
-22
85
-42
41
42
42
-106
18
85
52
26
-13
45
-18
-89
-33
24
-50
-127
89
-18
84
2
44
52
34
17
41
11
89
26
-108
112
-26
104
65
111
100
-83
51
45
48
84
-54
108
-78
-85
81
54
-108
85
-11
-59
19
45
-43
85
85
53
85
44
-20
111
-63
-4
-63
-16
126
69
79
119
127
42
112
-20
-105
-44
50
89
34
43
-43
-107
42
85
-60
10
100
36
46
126
59
122
8
42
20
8
7
54
44
42
109
2
82
108
33
42
10
74
-85
122
-41
22
-110
103
17
-126
-4
-4
-127
-106
112
127
113
19
69
41
36
53
-27
10
42
37
53
38
38
-43
23
41
20
45
-24
35
-19
-45
79
126
12
35
90
21
-37
42
-34
43
33
37
-125
-33
-25
-128
-105
21
-18
-51
82
-42
-85
28
113
-76
69
-118
-19
38
-85
-107
-107
69
50
-53
34
18
110
42
53
74
-27
85
12
-19
-30
-2
-70
123
27
-125
-1
102
98
35
-88
-21
70
10
42
45
45
42
90
40
7
-43
-93
-11
-90
87
1
-63
-76
26
-43
-121
-38
40
-99
52
-44
82
106
43
-71
37
42
42
53
-99
-93
-79
-76
-111
-74
-119
-86
-11
-93
-125
-126
81
119
-37
-110
-97
106
42
61
42
43
-91
23
26
54
21
53
37
21
85
73
21
-14
44
-3
-35
68
56
57
-84
90
-43
-19
85
34
58
-44
122
-6
-47
-3
-128
86
-115
5
-93
57
47
-81
25
35
-25
107
-116
-88
43
-37
-124
-10
58
-36
37
62
58
-54
85
-83
53
34
-86
-114
-50
-77
-128
88
-115
63
-97
0
-125
-26
111
-3
103
-24
79
-44
40
52
42
-23
21
97
42
12
-82
124
-71
-67
-103
-65
-65
105
-110
-25
-40
-64
-56
-42
34
-87
11
-43
49
115
20
-28
-42
-2
-75
-1
-123
-8
-65
-65
-4
-65
-121
-64
65
125
-113
-63
0
-128
26
-96
74
-43
42
76
84
106
-110
60
123
-29
50
95
40
-28
127
117
-3
71
-4
-98
-113
7
-121
-109
94
-67
-128
-1
-1
-113
-128
96
-128
-128
-128
97
-125
-128
-122
-127
-128
-128
-65
-128
-128
-101
-121
-128
78
-112
65
-72
68
-101
-79
8
-5
121
-32
16
-82
-113
-128
103
-72
125
-127
0
-81
-128
-16
-96
-1
124
-128
127
-128
-123
-67
-18
-36
123
-88
11
-50
-128
-1
-120
-128
120
127
99
-125
-46
72
58
100
100
121
18
91
-24
118
77
-80
-40
-92
94
-33
96
-2
-128
64
126
-128
63
-125
116
-114
-1
-72
24
-121
-91
-128
-55
-86
41
-27
114
61
97
96
-94
-96
-28
-13
-95
-61
-80
-75
-72
-66
103
-64
126
64
127
-97
-22
-114
-19
86
-6
0
-86
124
112
-65
-67
127
-128
64
112
-116
-113
-1
-113
-89
-90
-125
-2
127
101
-71
-38
-99
-12
-46
-9
-40
105
84
78
-5
-26
120
-45
34
-24
-65
-97
125
112
49
124
127
-33
67
92
114
-66
-68
-89
-128
-43
-79
-57
-41
-11
