2
2
2
1
1
2
2
2
2
2
2
2
1
2
2
1
2
2
2
2
2
1
2
2
1
1
2
2
2
2
2
1
2
2
1
2
2
2
2
2
2
2
2
2
2
1
2
2
2
2
2
2
2
2
1
2
2
2
2
2
2
1
2
2
2
2
2
2
2
2
2
2
2
2
1
2
2
2
2
1
2
2
2
2
1
2
2
1
2
2
2
2
2
1
2
2
2
1
2
2
2
2
2
2
1
2
2
2
2
2
1
2
2
2
2
2
1
1
2
2
2
2
2
1
2
2
1
2
2
2
2
2
2
1
2
2
1
2
2
1
2
2
2
2
2
1
2
1
2
2
2
2
2
2
2
1
2
1
2
2
2
1
2
2
1
2
2
1
2
2
2
1
2
2
2
2
2
2
2
2
1
2
2
2
2
2
2
2
2
2
2
2
2
2
2
2
1
2
2
2
2
2
2
2
2
2
2
2
2
2
2
1
2
1
2
2
2
2
2
2
2
2
2
2
2
1
2
2
2
2
2
2
2
1
2
2
1
2
1
2
2
2
2
2
2
2
2
2
1
2
1
1
2
2
2
1
2
2
2
2
2
2
2
2
2
1
2
2
2
2
2
2
2
2
1
2
2
2
2
2
2
2
2
2
2
2
1
2
2
2
2
2
2
2
2
2
2
2
2
2
2
2
1
2
1
2
2
1
2
2
2
1
1
2
2
2
2
1
2
2
2
1
2
2
2
1
2
2
1
2
2
2
2
1
2
1
2
2
2
1
2
2
2
2
2
2
2
2
1
1
1
2
2
2
2
2
1
1
2
1
2
2
2
1
2
2
2
1
2
2
2
2
2
1
1
2
2
1
2
1
2
2
2
1
2
2
2
2
2
1
2
2
2
2
2
2
2
1
2
2
2
2
2
2
2
2
2
2
2
2
2
2
2
2
2
2
1
1
1
2
2
2
2
2
2
2
2
2
2
2
1
2
1
2
2
1
2
2
2
2
2
2
1
2
2
2
2
2
2
2
2
2
2
2
2
2
2
2
2
2
2
1
2
2
1
2
1
2
2
1
2
2
2
2
2
1
2
2
2
2
2
2
2
2
1
1
2
2
2
2
2
2
2
2
2
2
1
1
2
1
2
2
2
2
2
2
2
2
2
2
2
2
2
1
2
2
2
2
1
2
2
2
2
2
2
2
2
2
1
2
2
2
2
2
1
2
2
2
2
1
1
2
1
2
2
2
2
2
2
1
2
2
2
1
2
2
2
1
2
1
2
2
2
1
2
1
2
1
2
2
1
1
2
2
2
2
2
2
2
2
2
2
2
2
2
2
2
2
2
2
2
1
2
2
2
2
2
2
1
2
2
2
2
2
2
2
1
2
2
2
1
2
2
2
2
2
1
1
2
1
2
2
1
2
2
2
2
1
2
2
2
2
2
2
2
2
2
1
2
2
2
2
2
2
2
2
2
2
1
2
1
2
1
1
1
2
2
2
2
2
2
1
2
2
2
2
2
2
2
2
2
2
2
2
2
2
2
1
1
2
2
2
2
2
2
2
1
2
2
2
2
1
2
2
2
2
2
2
2
2
2
2
2
2
2
2
2
1
2
2
2
2
2
2
2
1
1
1
2
2
2
2
1
2
2
2
2
2
2
2
2
1
2
2
1
2
2
2
1
2
2
2
2
2
2
2
1
1
2
2
2
2
2
2
1
2
1
1
2
2
2
2
2
2
1
2
2
2
1
2
2
2
2
1
2
2
2
2
2
2
2
1
2
1
2
2
1
2
2
2
2
2
2
2
2
1
1
2
2
2
2
2
2
2
2
2
2
2
2
1
2
2
2
2
1
2
2
1
2
2
2
1
2
2
2
2
2
2
2
2
1
2
2
1
2
2
1
2
2
1
2
2
2
2
2
2
2
2
2
2
2
2
2
2
2
2
1
2
2
2
2
2
2
2
2
2
2
1
2
2
2
2
2
2
2
1
2
2
1
2
2
1
2
2
2
1
2
2
2
1
2
2
2
2
2
2
-128
-128
-128
-128
-128
-128
-128
-128
-67
-128
14
-128
-12
-128
112
-128
-128
-128
-128
-128
-128
-128
-128
-128
112
127
-128
-128
-123
-128
-128
-128
1
2
2
1
2
2
1
1
2
2
1
2
1
2
2
1
2
2
1
1
1
2
2
2
2
2
2
2
1
1
2
2
2
1
1
2
2
2
2
2
2
2
2
2
2
2
1
2
1
2
1
2
1
2
2
1
2
2
2
2
1
2
2
2
1
2
2
2
1
1
2
2
-64
102
-49
102
-49
101
-56
98
-64
95
-63
92
-128
93
-128
93
-128
85
-128
40
-128
-20
-128
-65
-128
-96
-128
-111
-128
-122
-67
-127
-50
-128
-49
-126
-56
-124
-63
-121
-62
-120
-128
-120
-128
-118
-128
-97
-128
-41
-128
18
-128
59
-128
83
-128
94
-128
99
-65
102
-50
103
-49
101
-56
99
-63
96
-63
94
-128
93
-128
93
-128
86
-128
44
-128
-17
-128
-66
-128
-98
-128
-114
-128
-121
-67
-125
-51
-127
-49
-127
-55
-125
-63
-122
-62
-120
-128
-119
-128
-118
-128
-97
-128
-42
-128
14
-128
58
-128
84
-128
96
-128
101
-66
102
-49
102
-48
102
-55
101
-64
97
-63
93
-128
93
-128
93
-128
85
-128
41
-128
-18
-128
-63
-128
-97
-128
-115
-128
-123
-67
-127
-50
-128
-49
-126
-56
-124
-63
-122
-62
-120
-128
-118
-128
-118
-128
-98
-128
-41
-128
19
-128
59
-128
82
-128
96
-128
102
-68
103
-50
104
-48
103
-55
100
-63
97
-62
94
-128
93
-128
93
-128
86
-128
44
-128
-17
-128
-67
-128
-98
-128
-113
-128
-122
-68
-127
-50
-128
-49
-127
-55
-125
-63
-121
-63
-119
-128
-118
-128
-118
-128
-100
-128
-48
-128
13
-128
58
-128
85
-128
98
-128
103
-68
105
-49
106
-48
105
-55
101
-64
98
-64
94
-128
93
-128
93
-128
86
-128
46
-128
-13
-128
-63
-128
-98
-128
-116
-128
-123
-69
-127
-51
-128
-49
-128
-55
-126
-64
-122
-63
-120
-128
-119
-128
-118
-128
-100
-128
-46
-128
10
-128
54
-128
82
-128
96
-128
102
-70
103
-50
104
-49
103
-54
101
-62
97
-63
94
-127
94
-128
93
-128
87
-128
46
-128
-13
-128
-60
-128
-95
-128
-114
-128
-123
-71
-128
-50
-128
-49
-127
-55
-125
-62
-122
-63
-120
-124
-120
-128
-118
-128
-101
-128
-46
-128
13
-128
56
-128
81
-128
96
-128
102
-71
104
-49
105
-48
104
-55
101
-63
98
-63
94
-123
94
-128
94
-128
87
-128
50
-128
-12
-128
-63
-128
-95
-128
-113
-128
-122
-73
-127
-51
-128
-49
-128
-55
-126
-62
-122
-63
-120
-120
-120
-128
-119
-128
-101
-128
-48
-128
6
-128
54
-128
82
-128
95
-128
101
-73
103
-50
105
-49
104
-54
101
-63
98
-63
95
-119
94
-128
94
-128
88
-128
49
-128
-9
-128
-55
-128
-93
-128
-113
-128
-122
-74
-126
-50
-128
-49
-127
-55
-126
-62
-123
-63
-121
-115
-120
-128
-119
-128
-102
-128
-49
-128
7
-128
52
-128
78
-128
95
-128
103
-74
105
-49
105
-48
103
-54
101
-63
98
-64
94
-114
93
-128
92
-128
87
-128
49
-128
-10
-128
-60
-128
-92
-128
-109
-128
-121
-76
-127
-51
-128
-49
-127
-54
-125
-62
-122
-62
-121
-111
-120
-128
-120
-128
-103
-128
-51
-128
10
-128
54
-128
79
-128
93
-128
99
-77
102
-51
103
-49
102
-54
99
-62
96
-63
92
-110
93
-128
93
-128
87
-128
51
-128
-8
-128
-60
-128
-95
-128
-112
-128
-120
-78
-124
-51
-128
-49
-127
-53
-125
-62
-123
-63
-120
-106
-119
-128
-119
-128
-105
-128
-55
-128
2
-128
49
-128
77
-128
93
-128
100
-78
101
-49
103
-48
102
-54
100
-62
97
-64
93
-107
91
-128
90
-128
87
-128
50
-128
-9
-128
-57
-128
-93
-128
-112
-128
-122
-80
-126
-51
-127
-49
-126
-54
-125
-61
-122
-63
-120
-104
-118
-128
-118
-128
-104
-128
-54
-128
7
-128
52
-128
77
-128
92
-128
99
-79
102
-51
103
-49
102
-54
100
-62
97
-63
93
-103
92
-128
92
-128
88
-128
53
-128
-8
-128
-60
-128
-93
-128
-111
-128
-121
-81
-126
-51
-128
-48
-127
-53
-125
-62
-122
-63
-119
-99
-118
-128
-117
-128
-106
-128
-59
-128
2
-128
50
-128
79
-128
94
-128
100
-81
103
-50
104
-48
103
-54
100
-62
97
-64
93
-99
92
-128
92
-128
89
-128
56
-128
-2
-128
-54
-128
-92
-128
-112
-128
-122
-83
-125
-52
-127
-49
-127
-54
-125
-61
-122
-63
-120
-97
-118
-128
-118
-128
-106
-128
-59
-128
-1
-128
46
-128
76
-128
93
-128
100
-83
102
-51
103
-49
102
-53
100
-62
97
-63
94
-95
93
-128
92
-128
89
-128
57
-128
0
-128
-50
-128
-88
-128
-109
-128
-121
-84
-126
-52
-128
-49
-127
-53
-125
-61
-122
-63
-120
-94
-119
-128
-118
-128
-106
-128
-61
-128
0
-128
47
-128
75
-128
91
-128
99
-83
102
-50
103
-48
103
-53
100
-62
97
-63
94
-94
93
-128
92
-128
89
-128
60
-128
1
-128
-53
-128
-88
-128
-108
-128
-119
-85
-125
-52
-127
-49
-127
-53
-125
-61
-122
-63
-120
-93
-119
-128
-118
-128
-108
-128
-63
-128
-7
-128
44
-128
75
-128
91
-128
98
-85
102
-52
103
-49
102
-53
101
-61
98
-63
94
-92
93
-128
92
-128
90
-128
61
-128
5
-128
-42
-128
-85
-128
-109
-128
-119
-91
-124
-61
-127
-57
-126
-55
-125
-56
-123
-57
-120
-89
-119
-128
-118
-128
-110
-128
-65
-128
-6
-128
40
-128
70
-128
90
-128
99
-88
103
-53
104
-50
103
-54
100
-63
97
-65
94
-91
93
-128
91
-128
90
-128
61
-128
4
-128
-47
-128
-84
-128
-104
-128
-117
-89
-124
-55
-127
-55
-127
-59
-125
-66
-122
-128
-75
-128
-18
-128
34
-128
69
-128
88
-128
98
-91
101
-53
102
-50
101
-53
99
-61
97
-64
93
-84
91
-128
91
-128
90
-128
69
-128
17
-128
-36
-128
-78
-128
-104
-128
-118
-95
-124
-55
-126
-51
-126
-53
-124
-60
-122
-61
-119
-81
-117
-128
-116
-128
-112
-128
-77
-128
-17
-128
33
-128
67
-128
87
-128
97
-93
101
-53
102
-50
102
-53
100
-62
97
-64
94
-83
92
-128
91
-128
91
-128
71
-128
18
-128
-39
-128
-79
-128
-102
-128
-115
-94
-122
-54
-126
-50
-127
-53
-125
-61
-122
-63
-119
-81
-118
-128
-117
-128
-113
-128
-78
-128
-23
-128
31
-128
69
-128
87
-128
96
-95
101
-54
102
-49
102
-53
101
-61
98
-64
94
-81
92
-128
92
-128
91
-128
72
-128
22
-128
-29
-128
-76
-128
-103
-128
-116
-96
-122
-55
-125
-50
-126
-53
-125
-61
-123
-63
-119
-78
-118
-128
-117
-128
-114
-128
-79
-128
-22
-128
29
-128
63
-128
87
-128
98
-97
102
-53
103
-49
103
-53
101
-61
98
-65
94
-79
92
-128
92
-128
91
-128
72
-128
21
-128
-33
-128
-74
-128
-99
-128
-115
-99
-123
-56
-126
-51
-125
-53
-125
-60
-122
-64
-120
-78
-119
-128
-118
-128
-114
-128
-80
-128
-21
-128
31
-128
67
-128
86
-128
95
-101
100
-57
103
-51
103
-53
101
-61
99
-64
95
-77
93
-128
93
-128
93
-128
75
-128
24
-128
-34
-128
-77
-128
-101
-128
-115
-102
-121
-56
-125
-51
-127
-53
-125
-62
-122
-66
-119
-76
-118
-128
-118
-128
-115
-128
-83
-128
-25
-128
30
-128
68
-128
88
-128
98
-105
101
-57
103
-51
103
-53
101
-61
99
-67
95
-77
93
-128
93
-128
93
-128
75
-128
25
-128
-29
-128
-75
-128
-102
-128
-116
-108
-123
-57
-126
-52
-126
-53
-125
-61
-123
-66
-120
-74
-118
-128
-118
-128
-115
-128
-84
-128
-22
-128
30
-128
66
-128
87
-128
98
-107
102
-58
103
-52
103
-54
101
-62
99
-65
96
-74
94
-128
93
-128
93
-128
78
-128
27
-128
-33
-128
-76
-128
-101
-128
-116
-106
-124
-57
-127
-52
-127
-53
-125
-61
-123
-65
-120
-73
-118
-128
-117
-128
-115
-128
-87
-128
-29
-128
29
-128
69
-128
89
-128
99
-108
103
-56
105
-51
105
-53
103
-61
100
-65
96
-72
94
-128
93
-128
93
-128
78
-128
30
-128
-28
-128
-75
-128
-103
-128
-117
-108
-123
-57
-127
-52
-128
-53
-126
-60
-124
-64
-120
-70
-119
-128
-118
-128
-116
-128
-87
-128
-30
-128
25
-128
65
-128
87
-128
99
-109
103
-56
104
-50
104
-52
103
-60
100
-64
97
-69
94
-128
94
-128
93
-128
79
-128
31
-128
-25
-128
-71
-128
-100
-128
-116
-109
-125
-57
-127
-51
-128
-52
-126
-59
-124
-64
-121
-69
-119
-128
-118
-128
-116
-128
-89
-128
-30
-128
24
-128
64
-128
87
-128
98
-110
103
-55
105
-48
105
-51
103
-58
101
-64
97
-69
95
-128
94
-128
94
-128
81
-128
33
-128
-28
-128
-72
-128
-99
-128
-115
-110
-124
-56
-127
-50
-128
-51
-127
-58
-124
-63
-121
-68
-120
-128
-119
-128
-117
-128
-90
-128
-37
-128
22
-128
65
-128
87
-128
98
-111
103
-56
105
-49
105
-52
103
-58
101
-63
98
-68
95
-128
95
-128
94
-128
82
-128
36
-128
-18
-128
-68
-128
-100
-128
-115
-110
-123
-55
-127
-50
-128
-51
-127
-58
-125
-63
-122
-67
-119
-128
-119
-128
-117
-128
-93
-128
-36
-128
18
-128
58
-128
85
-128
99
-111
104
-54
105
-47
106
-51
103
-58
101
-63
98
-67
95
-128
94
-128
93
-128
83
-128
36
-128
-21
-128
-67
-128
-95
-128
-114
-112
-123
-55
-127
-48
-128
-50
-127
-58
-125
-62
-122
-66
-121
-128
-120
-128
-118
-128
-94
-128
-36
-128
21
-128
60
-128
83
-128
95
-113
102
-56
104
-48
105
-50
104
-57
101
-62
98
-66
95
-128
94
-128
94
-128
85
-128
39
-128
-22
-128
-69
-128
-98
-128
-114
-114
-121
-56
-127
-48
-128
-50
-127
-56
-125
-62
-121
-65
-121
-128
-120
-128
-119
-128
-96
-128
-40
-128
19
-128
62
-128
86
-128
97
-116
102
-55
104
-47
105
-49
103
-57
101
-63
98
-66
95
-128
94
-128
94
-128
85
-128
40
-128
-18
-128
-67
-128
-99
-128
-115
-116
-123
-56
-127
-49
-128
-50
-127
-57
-126
-62
-122
-64
-120
-128
-119
-128
-118
-128
-96
-128
-37
-128
19
-128
59
-128
84
-128
97
-118
103
-56
104
-48
105
-50
103
-57
101
-62
98
-64
95
-128
94
-128
95
-128
86
-128
41
-128
-22
-128
-69
-128
-97
-128
-115
-119
-124
-57
-127
-49
-128
-50
-127
-57
-125
-62
-122
-65
-120
-128
-119
-128
-118
-128
-100
-128
-43
-128
16
-128
61
-128
85
-128
97
-119
103
-55
105
-48
106
-50
104
-57
101
-63
98
-65
95
-128
94
-128
94
-128
87
-128
46
-128
-16
-128
-66
-128
-100
-128
-116
-121
-123
-58
-128
-49
-128
-50
-128
-58
-126
-62
-122
-65
-121
-128
-120
-128
-119
-128
-100
-128
-46
-128
11
-128
57
-128
83
-128
97
-122
102
-58
104
-50
105
-51
103
-58
101
-63
98
-64
95
-128
94
-128
94
-128
88
-128
47
-128
-10
-128
-61
-128
-95
-57
101
-64
98
-64
95
-128
93
-128
93
-128
91
-128
59
-128
2
-128
-52
-128
-90
-128
-111
-128
-121
-64
-125
-50
-127
-51
-127
-57
-126
-63
-123
-64
-120
-128
-120
-128
-119
-128
-110
-128
-61
-128
-2
-128
45
-128
75
-128
93
-128
100
-63
102
-50
103
-50
103
-57
101
-64
99
-64
95
-128
93
-128
93
-128
92
-128
62
-128
1
-128
-50
-128
-86
-128
-108
-128
-121
-64
-126
-50
-128
-50
-128
-56
-126
-64
-123
-63
-121
-128
-119
-128
-118
-128
-111
-128
-67
-128
-6
-128
47
-128
75
-128
92
-128
101
-64
103
-50
105
-50
104
-57
101
-65
98
-64
94
-128
93
-128
93
-128
91
-128
65
-128
7
-128
-48
-128
-89
-128
-110
-128
-120
-65
-126
-51
-128
-50
-128
-56
-126
-63
-123
-63
-120
-128
-119
-128
-119
-128
-112
-128
-71
-128
-11
-128
41
-128
74
-128
92
-128
99
-65
102
-50
103
-50
103
-56
101
-63
99
-63
95
-128
93
-128
93
-128
92
-128
67
-128
13
-128
-42
-128
-83
-128
-108
-128
-121
-65
-126
-50
-128
-49
-128
-57
-126
-63
-124
-63
-121
-128
-119
-128
-118
-128
-113
-128
-72
-128
-14
-128
37
-128
71
-128
90
-128
99
-63
103
-49
104
-49
103
-56
101
-64
98
-64
95
-128
93
-128
93
-128
92
-128
68
-128
12
-128
-41
-128
-81
-128
-106
-128
-119
-64
-125
-50
-128
-50
-128
-56
-126
-63
-123
-63
-120
-128
-120
-128
-118
-128
-113
-128
-79
-128
-18
-128
37
-128
70
-128
89
-128
98
-63
102
-50
103
-50
103
-56
102
-63
99
-62
95
-128
93
-128
93
-128
92
-128
71
-128
24
-128
-36
-128
-80
-128
-104
-128
-117
-64
-124
-50
-127
-50
-128
-56
-127
-63
-124
-63
-120
-128
-120
-128
-119
-128
-115
-128
-81
-128
-25
-128
26
-128
67
-128
89
-128
98
-63
102
-49
103
-49
103
-56
101
-64
99
-63
95
-128
93
-128
92
-128
91
-128
73
-128
22
-128
-32
-128
-72
-128
-102
-128
-118
-64
-124
-50
-127
-49
-127
-56
-126
-63
-124
-63
-121
-128
-120
-128
-118
-128
-116
-128
-83
-128
-24
-128
29
-128
65
-128
83
-128
96
-63
101
-49
103
-49
103
-56
102
-63
99
-63
96
-128
93
-128
93
-128
92
-128
76
-128
26
-128
-32
-128
-74
-128
-100
-128
-114
-63
-123
-50
-127
-50
-127
-56
-126
-63
-123
-63
-120
-128
-120
-128
-119
-128
-116
-128
-87
-128
-29
-128
28
-128
66
-128
87
-128
97
-61
101
-49
102
-48
103
-57
101
-63
99
-63
96
-128
93
-128
93
-128
93
-128
78
-128
31
-128
-30
-128
-75
-128
-102
-128
-116
-62
-123
-50
-125
-50
-127
-57
-126
-63
-124
-63
-121
-128
-119
-128
-119
-128
-117
-128
-88
-128
-31
-128
23
-128
63
-128
86
-128
97
-61
101
-49
102
-50
103
-56
102
-62
99
-62
96
-128
94
-128
93
-128
93
-128
81
-128
32
-128
-26
-128
-69
-128
-99
-128
-116
-61
-123
-50
-126
-50
-127
-57
-126
-63
-123
-63
-121
-128
-119
-128
-118
-128
-117
-128
-94
-128
-36
-128
23
-128
62
-128
84
-128
97
-61
102
-48
104
-50
104
-57
102
-63
99
-64
96
-128
93
-128
92
-128
93
-128
83
-128
38
-128
-23
-128
-71
-128
-100
-128
-115
-61
-123
-50
-127
-50
-128
-56
-126
-63
-124
-63
-121
-128
-119
-128
-119
-128
-118
-128
-96
-128
-41
-128
17
-128
60
-128
85
-128
96
-61
101
-49
102
-49
103
-57
102
-63
100
-63
97
-128
94
-128
93
-128
93
-128
85
-128
44
-128
-16
-128
-65
-128
-98
-128
-116
-61
-123
-49
-126
-49
-128
-57
-126
-63
-124
-62
-121
-128
-119
-128
-117
-128
-117
-128
-98
-128
-43
-128
13
-128
56
-128
83
-128
96
-59
102
-48
103
-49
103
-56
102
-63
100
-63
97
-128
94
-128
93
-128
93
-128
86
-128
44
-128
-14
-128
-61
-128
-94
-128
-113
-60
-123
-49
-127
-50
-128
-56
-126
-63
-124
-64
-122
-128
-120
-128
-118
-128
-117
-128
-100
-128
-46
-128
13
-128
55
-128
80
-128
94
-59
101
-49
103
-50
104
-57
103
-63
100
-63
97
-128
94
-128
93
-128
93
-128
87
-128
52
-128
-10
-128
-62
-128
-94
-128
-111
-60
-121
-50
-126
-51
-128
-57
-127
-63
-125
-64
-122
-128
-119
-128
-119
-128
-118
-128
-103
-128
-54
-128
1
-128
52
-128
81
-128
95
-58
101
-49
103
-50
104
-58
103
-64
101
-64
97
-128
94
-128
93
-128
92
-128
88
-128
52
-128
-4
-128
-51
-128
-90
-128
-111
-61
-121
-50
-125
-50
-128
-57
-127
-63
-125
-63
-123
-128
-120
-128
-119
-128
-118
-128
-105
-128
-55
-128
4
-128
49
-128
74
-128
92
-59
99
-50
102
-50
104
-57
103
-63
101
-64
98
-128
95
-128
94
-128
93
-128
89
-128
54
-128
-4
-128
-55
-128
-88
-128
-107
-60
-119
-50
-125
-50
-128
-58
-127
-63
-125
-63
-122
-128
-120
-128
-120
-128
-118
-128
-106
-128
-59
-128
3
-128
50
-128
77
-128
92
-58
99
-48
102
-50
103
-58
103
-65
101
-64
98
-128
94
-128
93
-128
93
-128
90
-128
58
-128
-1
-128
-55
-128
-91
-128
-109
-60
-119
-50
-124
-50
-127
-57
-128
-63
-125
-64
-123
-128
-120
-128
96
-128
66
-128
10
-128
-44
-128
-84
-128
-107
-61
-120
-50
-126
-50
-128
-57
-127
-63
-126
-63
-124
-128
-121
-128
-120
-128
-118
-128
-112
-128
-72
-128
-10
-128
40
-128
71
-128
91
-61
100
-50
103
-50
105
-57
104
-63
102
-63
99
-128
95
-128
94
-128
93
-128
93
-128
71
-128
15
-128
-43
-128
-82
-128
-105
-62
-119
-50
-125
-50
-128
-56
-128
-63
-127
-63
-123
-128
-121
-128
-120
-128
-118
-128
-114
-128
-77
-128
-21
-128
35
-128
71
-128
91
-60
100
-49
103
-49
105
-57
105
-64
102
-64
100
-128
95
-128
94
-128
93
-128
92
-128
70
-128
18
-128
-34
-128
-79
-128
-106
-62
-119
-50
-124
-50
-128
-56
-128
-63
-126
-63
-124
-128
-121
-128
-120
-128
-119
-128
-115
-128
-78
-128
-18
-128
33
-128
66
-128
88
-62
99
-50
103
-49
104
-56
104
-63
102
-64
100
-128
96
-128
94
-128
93
-128
93
-128
72
-128
18
-128
-37
-128
-77
-128
-101
-63
-117
-50
-125
-50
-128
-56
-128
-63
-126
-63
-124
-128
-121
-128
-120
-128
-119
-128
-115
-128
-79
-128
-19
-128
34
-128
69
-128
88
-61
97
-48
102
-49
104
-56
104
-63
103
-63
100
-128
96
-128
94
-128
94
-128
94
-128
73
-128
20
-128
-39
-128
-80
-128
-104
-63
-117
-50
-123
-49
-127
-56
-128
-63
-126
-63
-123
-128
-121
-128
-120
-128
-119
-128
-116
-128
-80
-128
-22
-128
33
-128
70
-128
90
-62
99
-49
103
-49
104
-56
104
-63
103
-63
100
-128
97
-128
94
-128
94
-128
93
-128
74
-128
22
-128
-33
-128
-78
-128
-105
-63
-119
-50
-124
-49
-128
-56
-127
-63
-126
-63
-124
-128
-121
-128
-120
-128
-118
-128
-116
-128
-84
-128
-22
-128
31
-128
67
-128
89
-62
100
-48
104
-49
105
-57
105
-64
102
-64
99
-128
96
-128
93
-128
93
-128
93
-128
75
-128
24
-128
-36
-128
-78
-128
-103
-63
-118
-49
-125
-49
-128
-56
-128
-63
-126
-63
-124
-128
-121
-128
-120
-128
-119
-128
-116
-128
-85
-128
-26
-128
30
-128
68
-128
89
-63
98
-49
102
-49
104
-57
104
-64
102
-63
99
-128
97
-128
94
-128
94
-128
94
-128
78
-128
28
-128
-31
-128
-77
-128
-105
-64
-118
-51
-124
-50
-128
-56
-128
-63
-127
-63
-125
-128
-122
-128
-120
-128
-119
-128
-117
-128
-87
-128
-29
-128
27
-128
66
-128
89
-62
99
-48
103
-48
104
-56
104
-63
103
-63
100
-128
96
-128
94
-128
93
-128
93
-128
77
-128
28
-128
-29
-128
-74
-128
-102
-63
-118
-50
-125
-49
-128
-56
-128
-62
-127
-63
-125
-128
-121
-128
-120
-128
-119
-128
-116
-128
-87
-128
-26
-128
27
-128
65
-128
87
-63
98
-49
103
-49
105
-57
105
-63
103
-63
100
-128
97
-128
95
-128
94
-128
94
-128
80
-128
30
-128
-30
-128
-73
-128
-100
-63
-116
-50
-124
-50
-128
-57
-128
-63
-127
-63
-124
-128
-122
-128
-120
-128
-119
-128
-117
-128
-91
-128
-37
-128
23
-128
65
-128
87
-64
98
-49
103
-49
105
-57
105
-65
103
-66
100
-128
97
-128
94
-128
93
-128
93
-128
80
-128
33
-128
-21
-128
-70
-128
-100
-64
-117
-52
-123
-52
-127
-58
-128
-65
-127
-65
-125
-128
-122
-128
-120
-128
-119
-128
-118
-128
-92
-128
-35
-128
20
-128
57
-128
84
-64
97
-51
102
-51
103
-57
104
-65
102
-64
100
-128
97
-128
95
-128
94
-128
93
-128
82
-128
33
-128
-24
-128
-68
-128
-95
-65
-114
-52
-124
-51
-128
-58
-128
-64
-127
-64
-125
-128
-122
-128
-121
-128
-120
-128
-117
-128
-93
-128
-34
-128
22
-128
61
-128
84
-63
95
-50
102
-51
104
-58
104
-66
103
-65
101
-128
97
-128
94
-128
94
-128
94
-128
83
-128
35
-128
-24
-128
-70
-128
-99
-64
-115
-51
-121
-51
-127
-57
-128
-64
-127
-63
-125
-128
-122
-128
-120
-128
-120
-128
-118
-128
-94
-128
-38
-128
19
-128
62
-128
86
-63
97
-51
101
-51
103
-57
104
-65
103
-64
100
-128
97
-128
94
-128
94
-128
94
-128
84
-128
38
-128
-19
-128
-68
-128
-100
-63
-116
-51
-123
-50
-126
-57
-127
-64
-126
-64
-125
-128
-122
-128
-120
-128
-119
-128
-117
-128
-96
-128
-38
-128
18
-128
59
-128
85
-62
98
-50
103
-50
105
-58
105
-65
103
-64
100
-128
97
-128
94
-128
93
-128
93
-128
85
-128
39
-128
-23
-128
-68
-128
-97
-64
-115
-51
-123
-50
-127
-57
-128
-64
-126
-64
-124
-128
-122
-128
-120
-128
-119
-128
-119
-128
-98
-128
-41
-128
19
-128
61
-128
84
-63
96
-50
101
-51
103
-57
104
-64
103
-64
100
-128
97
-128
95
-128
94
-128
94
-128
86
-128
44
-128
-17
-128
-67
-128
-99
-63
-116
-50
-123
-51
-127
-57
-128
-63
-127
-63
-125
-128
-122
-128
-120
-128
-118
-128
-118
-128
-98
-128
-45
-128
13
-128
58
-128
84
-62
97
-49
102
-50
104
-57
104
-64
103
-64
101
-128
97
-128
94
-128
94
-128
93
-128
86
-128
44
-128
-14
-128
-62
-128
-97
-63
-115
-51
-124
-50
-128
-57
-128
-63
-127
-63
-125
-128
-122
-128
-120
-128
-119
-128
-118
-128
-99
-128
-43
-128
13
-128
55
-128
81
-57
105
-65
104
-64
101
-128
98
-128
95
-128
93
-128
93
-128
91
-128
60
-128
0
-128
-52
-128
-88
-64
-109
-51
-121
-51
-127
-56
-128
-63
-127
-63
-125
-128
-123
-128
-121
-128
-120
-128
-119
-128
-110
-128
-64
-128
-3
-128
48
-128
76
-64
92
-50
100
-50
103
-57
104
-64
104
-63
101
-128
99
-128
95
-128
94
-128
93
-128
91
-128
64
-128
6
-128
-48
-128
-90
-65
-110
-51
-120
-50
-126
-57
-128
-64
-128
-63
-126
-128
-123
-128
-120
-128
-119
-128
-119
-128
-112
-128
-69
-128
-9
-128
43
-128
75
-63
93
-49
101
-49
103
-57
104
-64
104
-64
101
-128
98
-128
95
-128
94
-128
93
-128
92
-128
66
-128
10
-128
-44
-128
-85
-65
-109
-51
-121
-50
-126
-57
-128
-63
-128
-63
-126
-128
-123
-128
-121
-128
-119
-128
-118
-128
-112
-128
-70
-128
-11
-128
38
-128
72
-64
91
-50
100
-50
103
-57
105
-64
104
-63
101
-128
99
-128
95
-128
94
-128
93
-128
92
-128
68
-128
11
-128
-41
-128
-81
-64
-105
-51
-119
-50
-126
-57
-128
-64
-128
-63
-126
-128
-124
-128
-121
-128
-120
-128
-118
-128
-113
-128
-77
-128
-17
-128
38
-128
71
-63
90
-49
100
-49
103
-57
105
-64
104
-64
102
-128
99
-128
95
-128
93
-128
93
-128
92
-128
71
-128
22
-128
-37
-128
-82
-65
-105
-51
-118
-50
-124
-56
-128
-64
-128
-63
-127
-128
-125
-128
-121
-128
-120
-128
-119
-128
-115
-128
-78
-128
-21
-128
29
-128
67
-64
89
-50
99
-50
102
-56
103
-64
103
-63
101
-128
99
-128
96
-128
93
-128
93
-128
93
-128
72
-128
20
-128
-34
-128
-73
-64
-102
-50
-118
-50
-124
-56
-127
-63
-128
-64
-127
-128
-124
-128
-122
-128
-120
-128
-119
-128
-115
-128
-80
-128
-21
-128
31
-128
67
-71
86
-58
98
-55
102
-55
104
-58
104
-58
101
-128
99
-128
96
-128
94
-128
94
-128
93
-128
74
-128
21
-128
-35
-128
-77
-64
-102
-51
-115
-51
-124
-57
-128
-64
-128
-63
-126
-128
-124
-128
-121
-128
-120
-128
-119
-128
-117
-128
-84
-128
-24
-128
32
-128
68
-64
88
-52
98
-54
101
-60
103
-66
103
-63
102
-128
99
-128
96
-128
94
-128
94
-128
94
-128
77
-128
29
-128
-31
-128
-76
-65
-103
-52
-117
-52
-123
-58
-126
-64
-127
-63
-126
-128
-125
-128
-121
-128
-119
-128
-119
-128
-117
-128
-87
-128
-28
-128
25
-128
66
-64
88
-51
99
-50
103
-56
104
-66
104
-65
102
-128
100
-128
96
-128
94
-128
93
-128
93
-128
78
-128
28
-128
-30
-128
-72
-64
-101
-51
-117
-50
-124
-57
-127
-64
-128
-64
-126
-128
-124
-128
-121
-128
-120
-128
-119
-128
-117
-128
-89
-128
-30
-128
28
-128
65
-64
86
-51
97
-50
102
-56
104
-64
104
-64
102
-128
100
-128
96
-128
94
-128
94
-128
93
-128
81
-128
34
-128
-27
-128
-75
-64
-101
-51
-116
-50
-124
-56
-128
-63
-128
-63
-127
-128
-124
-128
-121
-128
-120
-128
-119
-128
-117
-128
-93
-128
-36
-128
22
-128
63
-63
87
-48
98
-48
102
-56
104
-64
104
-64
103
-128
101
-128
97
-128
94
-128
93
-128
93
-128
83
-128
38
-128
-21
-128
-69
-64
-100
-51
-117
-50
-124
-56
-127
-63
-128
-62
-127
-128
-125
-128
-121
-128
-120
-128
-119
-128
-118
-128
-95
-128
-39
-128
16
-128
59
-64
84
-49
97
-49
103
-56
104
-63
104
-64
103
-128
100
-128
97
-128
94
-128
94
-128
93
-128
85
-128
41
-128
-17
-128
-64
-64
-96
-50
-114
-50
-123
-57
-128
-64
-128
-64
-127
-128
-125
-128
-122
-128
-120
-128
-119
-128
-117
-128
-100
-128
-44
-128
15
-128
57
-64
83
-46
96
-47
102
-55
104
-65
105
-65
103
-128
101
-128
97
-128
94
-128
93
-128
93
-128
86
-128
49
-128
-12
-128
-63
-66
-95
-51
-112
-50
-121
-56
-126
-63
-128
-63
-128
-128
-126
-128
-122
-128
-120
-128
-120
-128
-118
-128
-101
-128
-49
-128
3
-128
53
-66
81
-51
95
-50
101
-56
103
-64
104
-64
103
-128
101
-128
98
-128
95
-128
94
-128
93
-128
88
-128
50
-128
-7
-128
-54
-65
-92
-51
-113
-51
-122
-56
-126
-64
-128
-64
-127
-128
-126
-128
-123
-128
-120
-128
-119
-128
-118
-128
-103
-128
-51
-128
6
-128
51
-64
75
-50
93
-50
101
-57
103
-64
104
-64
103
-128
101
-128
98
-128
95
-128
93
-128
93
-128
89
-128
51
-128
-7
-128
-58
-66
-91
-52
-108
-51
-121
-57
-127
-64
-128
-64
-127
-128
-125
-128
-123
-128
-121
-128
-120
-128
-119
-128
-105
-128
-54
-128
6
-128
53
-66
79
-52
93
-50
99
-57
103
-64
104
-64
103
-128
101
-128
98
-128
95
-128
94
-128
93
-128
90
-128
57
-128
-3
-128
-57
-69
-92
-53
-110
-52
-121
-57
-125
-65
-128
-64
-127
-128
-125
-128
-123
-128
-120
-128
-119
-128
-119
-128
-108
-128
-60
-128
-2
-128
49
-68
79
-52
95
-51
102
-57
104
-66
104
-66
104
-128
101
-128
99
-128
95
-128
93
-50
-122
-49
-127
-57
-128
-63
-128
-63
-125
-128
-123
-128
-120
-128
-120
-128
-119
-128
-102
-128
-53
-128
7
-128
55
-128
38
-67
71
-49
91
-49
100
-56
104
-64
106
-64
104
-128
102
-128
99
-128
95
-128
93
-128
93
-128
92
-128
70
-128
15
-128
-43
-69
-82
-51
-105
-49
-119
-55
-125
-62
-128
-63
-128
-128
-127
-128
-124
-128
-121
-128
-120
-128
-119
-128
-114
-128
-77
-128
-23
-128
34
-68
71
-50
89
-49
98
-54
102
-63
103
-62
103
-128
102
-128
99
-128
96
-128
94
-128
93
-128
93
-128
72
-128
21
-128
-33
-68
-79
-50
-105
-48
-119
-54
-124
-62
-127
-62
-128
-128
-127
-128
-124
-128
-121
-128
-119
-128
-119
-128
-115
-128
-79
-128
-21
-128
31
-68
65
-48
88
-47
99
-54
103
-61
104
-63
104
-128
102
-128
99
-128
96
-128
94
-128
93
-128
93
-128
72
-128
20
-128
-36
-70
-76
-50
-100
-48
-117
-54
-125
-62
-128
-62
-128
-127
-126
-128
-124
-128
-121
-128
-121
-128
-119
-128
-116
-128
-81
-128
-21
-128
34
-69
68
-49
87
-47
96
-54
102
-61
104
-61
104
-128
102
-128
100
-128
96
-128
94
-128
94
-128
93
-128
76
-128
24
-128
-35
-70
-78
-49
-103
-48
-116
-54
-122
-61
-127
-62
-128
-127
-126
-128
-124
-128
-121
-128
-119
-128
-119
-128
-117
-128
-86
-128
-29
-128
28
-69
68
-48
89
-48
99
-54
103
-62
104
-62
104
-125
103
-128
100
-128
96
-128
94
-128
93
-128
92
-128
76
-128
26
-128
-29
-71
-76
-50
-103
-48
-118
-53
-125
-61
-127
-62
-127
-122
-126
-128
-124
-128
-121
-128
-120
-128
-119
-128
-117
-128
-87
-128
-26
-128
28
-71
65
-50
87
-48
98
-53
102
-62
103
-63
104
-122
102
-128
100
-128
97
-128
95
-128
94
-128
94
-128
79
-128
29
-128
-32
-73
-75
-49
-101
-47
-117
-54
-124
-61
-127
-62
-128
-119
-126
-128
-124
-128
-121
-128
-120
-128
-119
-128
-117
-128
-90
-128
-31
-128
27
-72
67
-49
87
-47
97
-54
102
-62
104
-62
105
-118
102
-128
100
-128
96
-128
94
-128
93
-128
93
-128
80
-128
33
-128
-28
-75
-74
-50
-103
-49
-118
-54
-124
-61
-128
-62
-128
-115
-127
-128
-125
-128
-121
-128
-119
-128
-118
-128
-117
-128
-91
-128
-34
-128
22
-75
63
-50
87
-48
98
-54
103
-62
104
-62
105
-113
103
-128
100
-128
97
-128
94
-128
93
-128
94
-128
82
-128
36
-128
-21
-77
-69
-51
-100
-48
-117
-54
-125
-62
-128
-62
-128
-109
-127
-128
-125
-128
-122
-128
-120
-128
-118
-128
-117
-128
-94
-128
-37
-128
20
-78
60
-50
85
-48
98
-54
103
-63
105
-64
105
-106
103
-128
100
-128
97
-128
94
-128
93
-128
92
-128
83
-128
39
-128
-22
-81
-67
-52
-97
-49
-114
-54
-123
-62
-127
-63
-128
-101
-128
-128
-125
-128
-122
-128
-121
-128
-119
-128
-118
-128
-96
-128
-45
-128
16
-82
60
-52
83
-49
95
-54
101
-61
103
-63
104
-99
103
-128
101
-128
97
-128
94
-128
93
-128
93
-128
84
-128
43
-128
-12
-83
-63
-52
-97
-50
-114
-54
-122
-62
-126
-63
-128
-95
-127
-128
-126
-128
-122
-128
-120
-128
-119
-128
-118
-128
-98
-128
-43
-128
13
-85
53
-51
81
-48
96
-53
102
-63
104
-64
104
-91
103
-128
101
-128
97
-128
94
-128
94
-128
94
-128
85
-128
42
-128
-16
-89
-62
-53
-93
-50
-113
-54
-123
-61
-127
-63
-128
-88
-127
-128
-125
-128
-122
-128
-120
-128
-120
-128
-118
-128
-98
-128
-42
-128
15
-90
56
-53
80
-50
94
-52
101
-61
103
-63
104
-86
103
-128
101
-128
97
-128
94
-128
94
-128
94
-128
87
-128
47
-128
-15
-92
-64
-53
-95
-50
-112
-53
-120
-61
-126
-63
-128
-82
-127
-128
-125
-128
-122
-128
-120
-128
-119
-128
-119
-128
-102
-128
-51
-128
10
-94
57
-53
83
-49
97
-53
102
-62
103
-64
105
-80
103
-128
101
-128
98
-128
94
-128
93
-128
93
-128
88
-128
50
-128
-8
-96
-60
-55
-95
-50
-114
-53
-122
-60
-126
-63
-127
-78
-127
-128
-125
-128
-122
-128
-120
-128
-119
-128
-119
-128
-104
-128
-49
-128
9
-98
52
-54
79
-50
95
-52
101
-60
103
-64
104
-76
103
-128
101
-128
98
-128
95
-128
94
-128
93
-128
89
-128
52
-128
-10
-99
-60
-55
-92
-50
-112
-52
-123
-60
-126
-63
-128
-74
-127
-128
-125
-128
-122
-128
-121
-128
-119
-128
-118
-128
-105
-128
-54
-128
7
-103
55
-54
80
-49
94
-52
101
-60
103
-64
105
-72
103
-128
101
-128
98
-128
95
-128
94
-128
94
-128
90
-128
55
-128
-5
-105
-58
-56
-95
-51
-112
-52
-121
-59
-126
-64
-128
-70
-128
-128
-126
-128
-123
-128
-120
-128
-119
-128
-119
-128
-106
-128
-58
-128
3
-106
51
-55
79
-50
95
-52
101
-59
103
-63
104
-70
103
-128
101
-128
98
-128
95
-128
94
-128
93
-128
91
-128
58
-128
1
-108
-52
-56
-90
-49
-112
-52
-123
-59
-127
-64
-128
-68
-128
-128
-126
-128
-124
-128
-121
-128
-119
-128
-118
-128
-109
-128
-62
-128
-2
-111
46
-55
76
-49
94
-51
102
-59
105
-64
106
-68
104
-128
102
-128
99
-128
95
-128
93
-128
93
-128
91
-128
62
-128
2
-113
-50
-56
-86
-50
-109
-51
-120
-127
-128
-126
-128
-124
-122
-121
-59
-120
-51
-119
-52
-116
-59
-83
-64
-22
-65
34
-128
69
-128
88
-128
99
-128
103
-128
104
-128
105
-128
102
-128
100
-126
96
-60
94
-51
93
-52
94
-59
77
-65
25
-66
-35
-128
-80
-128
-104
-128
-118
-128
-124
-128
-128
-128
-128
-128
-126
-128
-124
-128
-121
-61
-120
-51
-119
-51
-117
-60
-86
-66
-28
-67
29
-128
68
-128
90
-128
99
-128
102
-128
104
-128
105
-128
103
-128
100
-128
96
-62
94
-52
94
-52
94
-59
79
-67
31
-66
-28
-128
-74
-128
-103
-128
-118
-128
-124
-128
-128
-128
-128
-128
-127
-128
-125
-128
-122
-63
-120
-52
-118
-53
-117
-59
-91
-66
-33
-65
22
-128
63
-128
87
-128
99
-128
104
-128
105
-128
105
-128
103
-128
100
-128
97
-63
94
-53
93
-52
93
-59
81
-65
33
-65
-25
-128
-69
-128
-99
-128
-116
-128
-124
-128
-128
-128
-128
-128
-127
-128
-125
-128
-122
-64
-120
-49
-119
-49
-118
-58
-94
-65
-37
-65
22
-128
62
-128
85
-128
97
-128
102
-128
104
-128
105
-128
103
-128
101
-128
97
-65
95
-52
94
-50
94
-58
84
-64
42
-64
-19
-128
-68
-128
-98
-128
-114
-128
-123
-128
-127
-128
-128
-128
-127
-128
-126
-128
-122
-66
-120
-51
-120
-50
-119
-56
-97
-64
-42
-63
11
-128
57
-128
84
-128
97
-128
102
-128
103
-128
104
-128
103
-128
101
-128
98
-66
94
-50
94
-50
94
-55
85
-63
42
-63
-14
-128
-59
-128
-96
-128
-115
-128
-123
-128
-127
-128
-128
-128
-127
-128
-125
-128
-122
-66
-121
-49
-119
-49
-119
-56
-98
-64
-42
-63
14
-128
55
-128
79
-128
95
-128
102
-128
103
-128
105
-128
103
-128
101
-128
98
-68
95
-51
94
-49
94
-55
87
-62
46
-62
-13
-128
-61
-128
-94
-128
-111
-128
-121
-128
-127
-128
-128
-128
-128
-128
-125
-128
-123
-69
-121
-49
-120
-48
-119
-55
-102
-62
-49
-63
11
-128
55
-128
81
-128
95
-128
101
-128
104
-128
105
-128
104
-128
101
-128
98
-70
94
-50
93
-49
93
-55
88
-63
52
-62
-10
-125
-62
-128
-95
-128
-112
-128
-121
-128
-125
-128
-128
-128
-128
-128
-126
-128
-122
-72
-120
-51
-119
-49
-119
-55
-105
-64
-53
-64
4
-121
52
-128
79
-128
95
-128
101
-128
103
-128
104
-128
103
-128
101
-128
99
-75
95
-52
94
-50
94
-55
90
-63
53
-63
-5
-117
-55
-128
-92
-128
-112
-128
-122
-128
-127
-128
-128
-128
-127
-128
-125
-128
-123
-75
-120
-51
-119
-49
-119
-55
-106
-62
-56
-63
5
-114
51
-128
78
-128
94
-128
102
-128
104
-128
105
-128
103
-128
101
-128
99
-77
95
-51
94
-49
93
-53
91
-62
57
-63
-2
-108
-58
-128
-93
-128
-111
-128
-121
-128
-127
-128
-128
-128
-128
-128
-126
-128
-123
-78
-120
-50
-120
-47
-119
-53
-108
-62
-61
-63
-1
-105
49
-128
77
-128
92
-128
99
-128
101
-128
103
-128
102
-128
101
-128
98
-81
95
-51
94
-49
93
-53
91
-61
62
-62
4
-100
-49
-128
-89
-128
-112
-128
-122
-128
-126
-128
-128
-128
-128
-128
-126
-128
-123
-82
-120
-51
-118
-49
-118
-54
-111
-61
-69
-62
-10
-96
41
-128
74
-128
93
-128
101
-128
103
-128
104
-128
102
-128
100
-128
97
-85
93
-52
91
-49
91
-53
90
-61
63
-62
8
-92
-44
-128
-84
-128
-108
-128
-120
-128
-126
-128
-128
-128
-127
-128
-126
-128
-124
-86
-121
-51
-119
-48
-118
-52
-112
-61
-72
-63
-10
-89
39
-128
70
-128
89
-128
98
-128
101
-128
102
-128
102
-128
100
-128
97
-89
92
-53
91
-49
91
-53
90
-61
69
-62
13
-86
-42
-128
-81
-128
-104
-128
-118
-128
-124
-128
-128
-128
-128
-128
-126
-128
-124
-91
-121
-53
-120
-49
-119
-52
-113
-60
-76
-63
-21
-82
34
-128
71
-128
90
-128
98
-128
102
-128
103
-128
103
-128
101
-128
98
-94
93
-53
91
-49
91
-52
91
-59
70
-62
19
-79
-33
-128
-77
-128
-104
-128
-117
-128
-124
-128
-127
-128
-127
-128
-126
-128
-125
-98
-121
-52
-120
-49
-119
-52
-115
-60
-78
-63
-20
-76
30
-128
65
-128
87
-128
98
-128
101
-128
103
-128
103
-128
-128
-128
-128
-101
-128
-55
-128
-51
-128
-53
-128
-60
-128
-63
-128
-72
-128
-128
-128
-128
-128
-128
-128
-128
127
-128
-128
-128
-128
-128
-128
-128
-126
-105
-123
-55
-121
-50
-119
-52
-119
-59
-108
-64
-60
-70
1
-128
48
-128
76
-128
91
-128
101
-128
103
-128
105
-128
103
-128
101
-110
98
-57
94
-50
93
-52
93
-59
90
-63
57
-68
-2
-128
-56
-128
-90
-128
-108
-128
-118
-128
-125
-128
-128
-128
-127
-128
-125
-114
-123
-56
-121
-49
-120
-51
-119
-59
-108
-65
-61
-68
1
-128
49
-128
77
-128
93
-128
100
-128
102
-128
103
-128
103
-128
101
-118
98
-58
95
-50
93
-52
94
-59
91
-64
57
-66
1
-128
-54
-128
-91
-128
-111
-128
-121
-128
-125
-128
-127
-128
-127
-128
-126
-123
-123
-58
-120
-50
-119
-59
103
-63
105
-66
104
-128
102
-128
99
-128
95
-128
94
-128
94
-128
92
-128
65
-128
12
-116
-45
-56
-86
-50
-64
60
-64
6
-128
-51
-128
-90
-128
-110
-128
-120
-128
-125
-128
-128
-128
-128
-128
-126
-128
-123
-67
-120
-49
-120
-49
-119
-56
-108
-64
-62
-64
-4
-128
42
-128
74
-128
93
-128
100
-128
102
-128
104
-128
103
-128
101
-128
98
-69
95
-52
93
-50
93
-56
91
-63
60
-63
2
-128
-48
-128
-83
-128
-108
-128
-120
-128
-126
-128
-128
-128
-127
-128
-126
-128
-123
-70
-121
-52
-120
-49
-118
-56
-109
-64
-63
-63
-2
-128
46
-128
75
-128
91
-128
100
-128
103
-128
105
-128
103
-128
101
-128
99
-70
95
-52
93
-50
93
-55
90
-64
60
-63
1
-128
-52
-128
-88
-128
-107
-128
-118
-128
-124
-128
-128
-128
-128
-128
-125
-128
-123
-70
-120
-49
-120
-49
-119
-55
-110
-63
-65
-64
-3
-128
47
-128
76
-128
92
-128
99
-128
102
-128
104
-128
103
-128
101
-128
99
-71
95
-51
94
-50
94
-55
91
-63
61
-63
4
-126
-51
-128
-90
-128
-111
-128
-121
-128
-125
-128
-127
-128
-127
-128
-126
-128
-123
-72
-120
-50
-119
-49
-119
-54
-110
-63
-62
-63
-3
-124
43
-128
75
-128
92
-128
100
-128
102
-128
104
-128
103
-128
101
-128
99
-72
95
-51
93
-49
93
-127
91
-126
61
-124
1
-121
-52
-118
-87
-118
-110
-116
-121
-108
-126
-54
-128
13
-127
59
-125
86
-122
99
-120
103
-119
104
-119
104
-110
102
-64
100
-3
97
49
93
76
91
92
92
99
90
103
54
104
-11
103
-66
101
-98
99
-116
95
-123
93
-126
93
-127
91
-126
62
-123
4
-121
-50
-118
-90
-118
-110
-117
-120
-108
-125
-54
-128
13
-128
60
-126
86
-123
98
-120
102
-119
103
-119
103
-111
102
-68
100
-7
97
44
93
75
92
94
93
102
91
104
55
105
-10
104
-66
102
-98
99
-115
95
-122
93
-126
93
-127
91
-126
63
-124
7
-121
-46
-118
-86
-118
-110
-117
-122
-109
-127
-55
-128
12
-128
58
-126
85
-123
97
-120
102
-119
103
-118
103
-111
103
-66
100
-7
97
42
93
73
92
92
92
100
91
103
57
104
-9
103
-64
101
-98
99
-116
95
-123
94
-126
93
-127
92
-127
65
-124
5
-121
-46
-118
-84
-118
-108
-117
-120
-108
-126
-55
-128
12
-128
58
-126
85
-123
97
-121
102
-120
103
-119
104
-111
103
-72
100
-9
97
43
93
73
92
91
92
100
91
103
57
104
-8
104
-63
102
-97
99
-115
95
-123
94
-126
93
-127
91
-127
66
-124
14
-122
-45
-118
-86
-118
-108
-117
-119
-110
-125
-58
-128
9
-128
57
-126
85
-123
98
-121
103
-120
104
-119
104
-112
103
-69
100
-11
97
37
93
72
92
92
92
100
91
103
58
104
-6
103
-62
102
-96
99
-115
95
-122
94
-126
93
-127
92
-127
65
-124
9
-121
-43
-119
-79
-118
-106
-117
-120
-110
-126
-60
-128
8
-127
-1
-128
-128
-128
-33
-128
8
-61
-44
10
-22
-36
42
88
-100
22
-96
97
13
3
-14
-31
115
-81
96
-35
111
-65
127
-121
-125
-68
-65
124
116
120
-104
-96
-100
-97
84
94
-83
-107
-43
36
121
69
62
-99
87
112
-115
-105
25
27
-111
-105
-81
-128
-15
15
62
108
-68
-95
-32
-127
-35
37
20
-103
-113
-127
-127
-113
-65
-128
-128
-128
64
-2
-113
-1
-60
-74
127
-128
75
-70
52
-18
55
-99
-7
-62
10
83
-108
90
56
58
-6
-83
51
-97
78
124
-126
-128
98
120
17
-99
56
-64
-128
112
-97
-16
94
113
-119
-99
-128
-112
117
-12
-62
-128
-113
-121
-8
-97
127
-128
49
114
5
-52
86
5
-86
-101
119
-91
117
95
14
-78
73
-67
-29
-97
127
63
-32
-114
-121
-128
-70
-127
-123
-128
-128
126
76
-1
74
21
40
21
87
-103
109
36
28
57
52
-33
67
-16
85
1
-113
-112
-122
-128
-113
-128
-68
123
31
-72
67
-105
86
38
-121
26
-66
-125
-1
-121
-98
-125
-88
-97
-65
127
-121
-96
-65
-2
-128
-118
4
-31
109
32
26
69
31
-126
58
-43
-54
-54
55
85
14
-43
65
127
-120
-104
-86
-33
-112
-1
111
99
78
-105
112
-21
121
-113
-16
-127
-36
-93
-121
-40
84
-70
-114
-65
-114
-125
96
-8
101
100
-48
-40
-60
-116
-59
-113
56
-105
41
22
-63
-99
-50
-66
90
-59
-101
-64
-112
-128
-89
-71
-128
-127
126
127
-33
-121
-17
-127
94
-98
49
20
-118
55
-105
-110
-37
21
-4
-117
93
-40
-78
-7
62
-9
-65
-128
-32
-121
-121
71
-24
-4
-4
36
-3
36
-80
106
101
-68
-66
-128
-61
-1
-128
-128
-13
-125
-122
-114
-100
-128
-96
-121
-95
-127
91
33
-49
-26
-57
102
-23
30
11
66
-69
-43
44
-65
73
-28
29
-4
-32
-65
-121
127
-61
-100
-34
109
-94
-128
126
-122
-49
-124
-94
-23
-41
-104
-102
-91
-127
-16
-65
-113
-126
-64
-128
-121
64
-125
-43
-109
-65
64
-65
-67
126
109
-10
-126
-60
-3
-71
-16
-112
-78
112
95
-4
-121
-125
-128
-128
-128
-52
-119
-58
-108
-63
-58
-65
1
-128
47
-128
77
-128
94
-128
101
-128
103
-128
103
-128
103
-128
101
-127
98
103
17
-126
-4
-4
-127
-106
112
127
113
19
69
41
36
53
-27
10
42
37
53
38
38
-43
23
41
20
45
-24
35
-19
-45
79
126
12
35
90
21
-37
42
-34
43
33
37
-125
-33
-25
-128
-105
21
-18
-51
82
-42
-85
28
113
-76
69
-118
-19
38
-85
-107
-107
69
50
-53
34
18
110
42
53
74
-27
85
12
-19
-30
-2
-70
123
27
-125
-1
102
98
35
-88
-21
70
10
42
45
45
42
90
40
7
-43
-93
-11
-90
87
1
-63
-76
26
-43
-121
-38
40
-99
52
-44
82
106
43
-71
37
42
42
53
-99
-93
-79
-76
-111
-74
-119
-86
-11
-93
-125
-126
81
119
-37
-110
-97
106
42
61
42
43
-91
23
26
54
21
53
37
21
85
73
21
-14
44
-3
-35
68
56
57
-84
90
-43
-19
85
34
58
-44
122
-6
-47
-3
-128
86
-115
5
-93
57
47
-81
25
35
-25
107
-116
-88
43
-37
-124
-10
58
-36
37
62
58
-54
85
-83
53
34
-86
-114
-50
-77
-128
88
-115
63
-97
0
-125
-26
111
-3
103
-24
79
-44
40
52
42
-23
21
97
42
12
-82
124
-71
-67
-103
-65
-65
105
-110
-25
-40
-64
-56
-42
34
-87
11
-43
49
115
20
-28
-42
-2
-75
-1
-123
-8
-65
-65
-4
-65
-121
-64
65
125
-113
-63
0
-128
26
-96
74
-43
42
76
84
106
-110
60
123
-29
50
95
40
-28
127
117
-3
71
-4
-98
-113
7
-121
-109
94
-67
-128
-1
-1
-113
-128
96
-128
-128
-128
97
-125
-128
-122
-127
-128
-128
-65
-128
-128
-101
-121
-128
78
-112
65
-72
68
-101
-79
8
-5
121
-32
16
-82
-113
-128
103
-72
125
-127
0
-81
-128
-16
-96
-1
124
-128
127
-128
-123
-67
-18
-36
123
-88
11
-50
-128
-1
-120
-128
120
127
99
-125
-46
72
58
100
100
121
18
91
-24
118
77
-80
-40
-92
94
-33
96
-2
-128
64
126
-128
63
-125
116
-114
-1
-72
24
-121
-91
-128
-55
-86
41
-27
114
61
97
96
-94
-96
-28
-13
-95
-61
-80
-75
-72
-66
103
-64
126
64
127
-97
-22
-114
-19
86
-6
0
-86
124
112
-65
-67
127
-128
64
112
-116
-113
-1
-113
-89
-90
-125
-2
127
101
-71
-38
-99
-12
-46
-9
-40
105
84
78
-5
-26
120
-45
34
-24
-65
-97
125
112
49
124
127
-33
67
92
114
-66
-68
-89
-128
-43
-79
-57
-41
-11
88
118
-108
-16
110
31
-128
24
-16
-128
-113
119
59
-112
117
-127
-64
26
-43
8
-49
5
-96
22
-35
21
96
-1
-98
-81
-125
-55
-115
-109
-65
120
-122
-72
-127
-119
-1
-97
-65
29
-43
24
-92
59
74
-57
11
93
119
92
111
86
77
-42
-127
-8
-4
-18
-49
-87
127
-128
-68
124
125
109
127
-124
70
37
-15
-113
-128
-109
-124
-128
-16
-121
-128
-60
-125
125
-128
-10
-61
126
-1
44
-47
41
-20
-27
98
6
2
117
-117
-37
-118
25
26
88
-88
-58
-128
-128
127
-123
-1
-1
-1
124
-94
-126
115
-122
-65
88
-127
-128
-3
-38
-45
-98
125
-63
-69
70
-116
99
-16
-128
115
-114
64
-104
-84
20
-75
101
63
-83
-123
-22
11
20
-80
-26
-85
-39
35
-61
-128
2
-1
-15
-116
-89
-64
-80
123
-109
-101
1
0
96
-127
82
-85
-41
85
-45
-111
-117
68
-14
-116
2
3
-108
-80
99
65
-4
-114
-123
127
-71
-99
-63
-128
-9
-33
90
19
-40
-17
110
47
-65
-20
-16
-128
127
-121
-111
-65
-124
-127
-128
-1
-65
-116
-64
-128
-42
40
56
16
48
-17
38
32
-101
43
122
-106
-112
-57
95
85
-79
54
-128
67
94
-128
124
-74
-100
-128
-2
124
-128
70
-1
-124
-38
-95
-128
116
-115
-39
-42
55
-97
-127
64
-97
-16
-128
-113
-128
-95
-64
43
76
6
20
93
-68
-13
120
21
-96
57
124
99
118
-65
-72
127
-128
-128
78
-128
127
-128
-128
-128
-128
-1
-8
-65
-113
99
-43
108
-44
31
78
-72
41
-45
-7
72
41
-5
-74
-8
-120
-80
-33
-128
-1
-128
-7
-120
-65
-27
58
-1
-40
101
35
122
-40
-65
64
94
-104
30
64
33
-121
-127
-40
-117
64
113
-50
-121
17
25
38
-94
-5
123
-77
-23
18
116
37
43
-19
109
27
45
37
-9
-127
-16
-113
-34
-128
-108
-128
-121
-127
-5
-37
-127
-109
-61
-115
-2
57
36
21
-87
17
35
80
11
89
-128
70
69
-101
0
-23
-45
82
-39
-60
54
23
-14
34
-54
-37
42
8
29
50
39
-81
-55
122
103
15
-110
-13
40
81
124
-34
69
-80
-81
-105
101
63
-43
-43
37
45
20
86
21
43
42
57
36
42
95
-43
-38
18
-9
123
-113
-97
-76
-33
65
-125
53
21
-71
42
87
41
84
41
-48
125
-71
-106
57
106
-86
-31
-74
-43
63
20
22
-70
-32
-79
42
6
26
-22
-22
46
35
41
69
45
44
85
-41
21
41
42
-21
-121
-50
-126
-120
-57
-116
-72
-128
-125
-27
-52
-120
-70
70
104
41
37
49
75
42
42
58
85
-128
-127
-97
-128
-98
