1
1
1
1
1
1
1
1
1
1
1
1
1
1
1
1
2
1
1
1
1
1
1
1
1
1
1
1
1
1
1
1
1
1
1
2
1
1
1
1
1
1
1
1
1
1
1
1
1
1
1
1
1
1
1
1
1
1
1
1
1
1
1
1
1
1
1
1
1
1
1
0
1
1
1
1
1
1
1
1
1
1
1
1
1
1
1
1
1
1
1
1
1
1
1
1
1
1
1
1
1
1
1
1
1
1
1
1
1
1
1
1
1
1
1
1
1
1
1
1
1
1
1
1
1
1
1
1
1
1
1
1
1
1
1
1
1
1
1
1
1
1
1
1
1
1
1
1
1
1
1
1
1
1
1
1
1
1
1
1
1
1
1
1
1
1
1
1
1
1
1
1
0
1
1
1
1
1
1
1
1
1
1
1
1
1
1
1
1
1
1
1
1
1
1
1
1
1
1
1
1
1
1
1
1
1
1
1
1
1
1
1
1
1
1
1
1
1
1
1
1
1
1
1
1
1
1
1
1
1
1
1
1
1
1
1
1
1
1
1
1
1
1
1
1
1
1
1
1
1
1
1
1
1
1
1
1
2
1
1
1
1
1
1
1
1
1
1
2
1
1
1
1
0
1
1
1
1
2
1
1
1
1
1
0
1
1
1
1
1
1
1
1
0
1
1
1
1
1
1
1
1
1
1
1
1
1
1
1
1
1
1
1
2
1
1
1
1
1
1
1
1
1
1
1
1
1
1
1
1
0
1
1
1
1
1
1
1
1
1
1
1
1
1
1
1
1
1
1
1
1
1
1
1
1
1
1
1
1
1
1
1
1
1
1
1
1
2
1
1
1
1
1
1
1
1
1
1
1
1
1
1
1
1
1
1
1
1
1
1
1
1
1
1
1
1
1
1
1
0
1
1
1
1
1
1
1
1
1
1
2
1
1
1
1
1
1
1
1
1
1
1
2
1
1
1
1
1
1
1
1
1
1
1
0
0
1
2
1
1
1
1
1
1
1
1
1
1
0
1
1
1
1
1
1
1
1
1
1
1
1
1
1
1
1
1
1
1
1
1
1
1
1
1
1
0
1
1
1
1
1
1
1
2
1
1
1
1
1
1
1
1
1
1
1
1
1
1
1
1
1
1
1
1
1
1
1
1
1
1
1
1
0
1
2
1
1
1
1
2
2
1
1
1
1
1
1
1
2
1
2
1
1
1
1
0
1
1
1
1
1
1
1
1
-128
-128
-128
-128
-128
-128
-128
-128
-82
-128
-116
-128
84
-128
25
-128
-128
-128
-128
-128
-128
-128
-128
-128
112
127
-128
-128
-124
-128
-128
-128
1
1
1
0
1
1
1
1
1
1
1
1
1
1
1
1
1
1
1
1
1
1
1
1
1
1
1
1
1
1
1
1
1
1
1
1
1
1
1
1
1
1
1
1
1
1
1
1
1
1
1
1
1
1
1
1
1
1
1
1
1
1
1
1
1
1
1
1
1
1
1
1
1
1
1
1
1
1
1
1
1
1
1
1
1
1
1
1
1
1
1
1
1
1
1
1
1
1
1
1
1
1
1
1
1
1
1
1
2
1
1
1
1
1
1
1
1
1
1
1
1
1
1
1
1
1
1
1
1
1
1
1
1
1
1
1
1
1
1
1
1
1
2
1
1
1
1
1
1
1
1
1
1
1
1
1
1
1
1
1
1
1
1
1
1
1
1
1
1
1
1
1
1
1
1
1
1
1
1
1
1
1
1
0
1
1
1
1
1
1
1
1
1
1
1
0
1
0
1
1
2
1
1
1
1
1
0
1
1
1
1
1
1
1
1
1
1
1
1
1
1
1
0
1
1
1
1
1
1
1
1
1
1
1
1
1
1
1
1
1
1
1
1
1
1
1
1
1
1
1
1
1
1
1
1
1
1
1
1
1
1
0
1
1
1
1
1
1
1
1
1
1
1
1
1
1
1
1
1
1
1
1
1
1
1
1
1
1
1
1
1
1
1
1
1
1
1
1
1
1
1
1
1
1
1
1
1
1
1
1
1
1
1
1
1
1
1
1
1
1
1
1
1
1
1
1
1
1
1
1
1
1
0
0
1
1
1
1
1
1
1
1
1
1
1
1
1
1
1
1
1
1
1
0
1
1
1
1
1
1
1
1
1
1
1
1
1
1
1
1
1
1
1
1
1
1
1
1
1
1
1
1
1
1
1
0
1
1
1
1
1
1
1
1
0
1
1
1
1
1
2
1
1
1
1
1
1
1
1
1
1
1
1
1
1
1
1
1
1
1
1
1
1
1
-122
-123
-119
-122
-114
-117
-113
-115
-43
-101
60
18
93
82
99
97
99
100
93
96
89
90
87
89
-14
50
-95
-66
-117
-112
-122
-122
-119
-123
-114
-117
-113
-114
-52
-105
56
12
92
80
99
98
99
101
93
96
89
89
88
88
-7
55
-93
-61
-117
-111
-122
-122
-119
-124
-114
-118
-112
-115
-58
-108
52
6
91
77
99
96
98
99
94
96
88
90
89
88
0
62
-89
-56
-116
-109
-122
-123
-120
-123
-114
-118
-113
-115
-67
-110
48
-2
91
75
98
97
99
100
94
97
89
90
89
88
7
67
-86
-51
-116
-108
-122
-121
-120
-124
-114
-118
-113
-115
-72
-112
44
-7
89
73
98
95
99
99
95
98
89
91
89
89
15
72
-83
-45
-115
-106
-122
-122
-121
-124
-114
-120
-112
-115
-81
-112
38
-17
89
71
99
97
100
100
95
99
89
91
89
88
22
76
-80
-39
-114
-104
-122
-121
-120
-124
-115
-119
-113
-115
-86
-112
34
-22
87
68
98
95
100
99
95
98
89
91
90
89
31
81
-75
-32
-114
-102
-122
-121
-120
-124
-115
-120
-113
-115
-92
-113
28
-31
85
65
98
95
99
99
95
98
89
92
89
89
38
83
-72
-26
-113
-100
-121
-120
-121
-124
-115
-120
-113
-115
-97
-113
23
-38
84
62
98
94
99
99
96
99
90
92
89
88
45
85
-67
-20
-111
-97
-121
-120
-121
-124
-116
-120
-113
-115
-102
-113
15
-48
83
58
98
94
100
100
95
99
89
93
88
88
51
86
-63
-13
-110
-95
-121
-119
-121
-125
-116
-121
-114
-115
-105
-114
10
-54
79
55
97
92
99
98
96
99
90
93
90
89
59
88
-57
-5
-109
-92
-121
-118
-122
-124
-116
-121
-114
-115
-108
-114
3
-63
77
50
96
90
99
99
96
99
91
94
89
89
63
88
-53
2
-108
-90
-120
-118
-122
-124
-117
-122
-114
-116
-110
-114
-2
-70
76
46
96
90
99
99
97
99
91
94
89
89
70
89
-48
10
-106
-87
-120
-117
-122
-123
-117
-122
-113
-115
-111
-114
-11
-78
73
42
96
90
100
100
97
100
91
94
88
88
73
87
-43
16
-105
-84
-120
-116
-122
-124
-118
-122
-114
-116
-112
-114
-16
-82
71
38
95
88
99
98
97
99
91
95
90
89
78
88
-37
24
-102
-81
-119
-115
-122
-124
-118
-122
-114
-116
-112
-114
-24
-88
68
33
95
87
99
99
98
100
92
96
89
88
81
88
-32
30
-101
-78
-120
-115
-122
-123
-118
-122
-114
-116
-112
-114
-30
-92
66
29
94
85
98
98
98
100
92
96
90
89
84
89
-25
38
-99
-73
-119
-114
-122
-124
-118
-122
-113
-116
-112
-114
-38
-98
62
22
95
85
100
99
99
100
92
95
89
88
86
88
-20
44
-97
-69
-118
-113
-123
-123
-119
-124
-113
-117
-113
-115
-44
-101
59
17
93
81
98
97
99
100
93
96
90
89
87
89
-14
51
-95
-66
-118
-112
-123
-123
-119
-123
-114
-117
-112
-115
-51
-105
56
12
92
80
99
97
98
100
93
96
89
89
88
88
-8
55
-93
-62
-117
-111
-122
-123
-120
-124
-114
-118
-112
-115
-57
-107
53
8
91
79
98
97
99
100
93
97
89
90
89
89
-2
60
-90
-57
-117
-110
-122
-122
-119
-123
-114
-118
-113
-115
-65
-109
49
0
91
77
100
98
99
100
94
97
89
89
89
88
3
64
-88
-54
-116
-109
-122
-122
-120
-124
-114
-118
-113
-116
-68
-111
46
-4
90
74
98
97
99
99
95
97
89
90
89
89
10
69
-85
-49
-116
-108
-122
-122
-120
-124
-114
-119
-113
-115
-74
-112
42
-10
89
73
99
96
99
99
95
97
89
91
89
88
16
73
-83
-45
-115
-106
-122
-122
-120
-124
-115
-119
-114
-115
-80
-112
39
-16
88
71
98
96
99
99
95
97
89
91
90
89
23
76
-79
-39
-114
-104
-122
-121
-120
-124
-115
-120
-113
-115
-87
-112
33
-24
88
68
99
96
100
100
95
98
89
91
89
88
30
79
-76
-33
-114
-103
-122
-122
-120
-124
-115
-120
-113
-115
-90
-114
29
-29
86
66
97
95
99
99
95
98
89
92
89
88
36
83
-72
-27
-113
-101
-121
-120
-121
-124
-115
-121
-113
-115
-96
-114
24
-36
84
63
97
94
99
99
96
99
90
92
89
89
42
84
-69
-22
-112
-99
-121
-121
-121
-125
-115
-121
-114
-115
-100
-114
20
-43
83
60
97
93
99
99
96
98
90
92
89
89
49
87
-65
-16
-111
-96
-121
-120
-122
-124
-117
-121
-113
-116
-104
-114
12
-52
81
56
99
94
101
100
96
100
90
93
89
89
55
87
-61
-9
-110
-94
-121
-120
-122
-125
-116
-122
-114
-115
-106
-114
8
-57
79
53
96
91
99
99
96
99
90
94
90
88
61
89
-56
-2
-109
-91
-121
-118
-122
-125
-117
-121
-114
-116
-109
-113
1
-65
77
50
97
91
100
99
97
99
90
94
90
89
65
89
-53
3
-108
-90
-120
-118
-122
-124
-117
-121
-114
-115
-110
-114
-3
-70
75
46
96
90
99
99
96
99
91
94
89
89
69
89
-48
9
-106
-87
-120
-117
-122
-124
-118
-122
-114
-116
-115
-60
-108
52
4
92
78
100
98
99
101
94
97
89
89
89
88
0
60
-90
-57
-117
-110
-123
-123
-120
-124
-115
-119
-113
-115
-65
-110
48
0
90
76
98
97
99
100
94
97
89
91
89
89
6
67
-87
-52
-116
-108
-122
-121
-120
-124
-115
-119
-113
-115
-71
-111
45
-6
90
74
99
97
99
100
94
98
89
90
89
88
11
70
-85
-48
-116
-107
-122
-122
-121
-124
-114
-119
-113
-115
-76
-112
41
-11
88
72
99
96
99
99
95
97
89
90
89
89
17
74
-83
-44
-115
-106
-122
-122
-121
-124
-115
-120
-113
-115
-83
-112
37
-18
89
70
99
97
100
100
95
97
89
90
89
88
23
77
-80
-38
-115
-105
-122
-121
-121
-124
-114
-120
-113
-115
-86
-113
34
-23
87
68
98
95
99
99
95
98
89
91
90
89
30
80
-76
-33
-114
-102
-122
-121
-121
-125
-115
-121
-114
-115
-91
-113
30
-28
86
66
98
95
100
100
95
98
90
92
89
89
34
82
-74
-29
-113
-101
-122
-120
-121
-124
-116
-121
-113
-115
-95
-114
25
-34
84
63
98
95
100
99
96
99
89
92
89
89
40
84
-70
-24
-113
-100
-121
-120
-121
-125
-115
-121
-114
-116
-99
-113
20
-42
84
61
99
95
100
100
96
99
89
92
88
88
45
85
-67
-19
-112
-98
-121
-120
-122
-125
-115
-121
-114
-115
-101
-114
17
-47
82
58
97
93
100
99
96
99
90
93
89
88
51
87
-64
-13
-111
-96
-121
-119
-122
-125
-116
-121
-113
-115
-104
-114
12
-52
81
55
97
93
100
99
96
99
90
93
90
89
55
87
-61
-9
-110
-94
-120
-119
-122
-125
-116
-122
-114
-115
-106
-114
8
-56
80
53
97
92
100
99
97
99
90
94
89
89
60
89
-57
-4
-109
-92
-121
-118
-122
-124
-117
-122
-115
-116
-107
-114
2
-63
78
50
97
91
100
99
96
99
88
94
88
86
64
87
-54
2
-107
-89
-121
-118
-122
-125
-118
-122
-115
-116
-109
-114
-2
-68
77
47
97
91
99
99
97
99
89
94
88
86
68
88
-49
8
-105
-86
-120
-117
-122
-124
-118
-122
-114
-117
-111
-114
-128
-128
-99
-128
32
-128
-128
-128
-128
-128
-128
-128
-114
-128
25
-128
-128
-128
-128
-128
-128
-128
-127
-128
-128
127
-24
-128
-118
-128
-128
-128
-58
-5
-109
-92
-121
-119
-122
-125
-117
-122
-114
-115
-108
-114
4
-62
78
52
97
91
99
99
97
99
90
94
89
89
64
89
-53
2
-108
-90
-120
-118
-123
-124
-117
-121
-114
-115
-110
-114
-4
-70
77
47
97
92
100
100
97
100
90
95
88
88
68
88
-49
8
-106
-88
-120
-117
-122
-124
-118
-122
-114
-116
-111
-115
-7
-74
74
43
96
90
99
99
97
100
91
95
89
90
73
89
-43
16
-106
-85
-120
-117
-122
-124
-119
-122
-114
-116
-113
-114
-15
-82
71
39
96
88
99
99
98
100
91
96
90
88
76
90
-38
22
-104
-81
-119
-116
-122
-123
-118
-122
-115
-116
-113
-114
-21
-86
68
35
95
87
100
99
98
100
92
95
89
89
81
90
-33
30
-102
-78
-120
-115
-123
-124
-119
-122
-114
-116
-112
-114
-29
-92
66
29
95
86
100
99
98
101
92
96
89
89
83
88
-28
36
-100
-75
-119
-114
-123
-124
-118
-122
-114
-116
-113
-115
-33
-95
64
26
95
84
99
99
98
100
92
96
90
90
85
88
-22
42
-98
-71
-118
-113
-123
-123
-119
-123
-114
-117
-113
-115
-41
-100
61
20
93
83
99
98
98
100
93
96
89
90
86
89
-17
47
-96
-68
-118
-113
-123
-123
-120
-124
-114
-118
-114
-115
-47
-103
58
16
93
81
99
98
99
100
94
97
90
90
88
89
-11
53
-94
-65
-117
-112
-123
-123
-120
-124
-114
-118
-113
-115
-55
-107
55
9
93
80
100
99
99
101
94
97
89
90
88
88
-6
57
-92
-61
-118
-111
-123
-123
-120
-124
-114
-119
-113
-115
-58
-108
52
6
92
78
99
97
99
100
94
97
90
91
89
89
0
62
-90
-56
-117
-110
-123
-122
-120
-124
-115
-118
-113
-115
-66
-111
49
0
91
76
99
98
99
100
95
98
89
91
89
89
6
67
-88
-52
-117
-109
-122
-122
-121
-124
-115
-119
-113
-115
-71
-112
44
-5
89
74
99
97
100
100
95
97
90
91
89
89
14
71
-84
-47
-115
-107
-122
-122
-121
-125
-115
-119
-113
-114
-79
-112
40
-14
89
73
100
97
100
100
95
98
89
91
89
88
19
74
-83
-43
-116
-106
-122
-122
-120
-124
-115
-120
-113
-115
-82
-113
37
-18
88
70
98
96
99
100
95
97
89
91
90
89
25
78
-79
-37
-115
-103
-122
-122
-121
-125
-115
-120
-113
-115
-87
-114
33
-24
87
68
99
95
100
100
96
98
89
91
90
90
31
80
-76
-32
-114
-102
-122
-121
-121
-124
-115
-121
-114
-116
-92
-114
29
-29
86
66
98
95
100
99
95
99
90
92
89
89
37
83
-73
-27
-113
-101
-122
-120
-122
-125
-116
-121
-114
-115
-97
-113
23
-38
85
62
99
96
101
100
96
99
89
93
89
88
41
84
-70
-22
-112
90
99
99
98
100
92
95
89
89
73
89
-44
16
-106
-84
-120
-117
-122
-124
-119
-122
-114
-116
-112
-114
-16
-82
72
39
97
89
100
100
98
100
91
95
89
89
77
89
-39
21
-104
-83
-121
-117
-123
-124
-119
-122
-115
-117
-112
-115
-19
-85
70
36
95
88
100
99
98
100
92
95
90
89
80
89
-35
27
-102
-79
-120
-116
-123
-124
-119
-123
-114
-117
-113
-115
-26
-90
67
32
95
87
99
98
98
100
92
96
89
90
83
89
-29
35
-101
-76
-119
-115
-123
-124
-119
-123
-114
-117
-113
-116
-33
-95
65
27
94
85
100
98
98
99
93
97
90
89
85
89
-22
41
-99
-72
-119
-114
-123
-124
-120
-123
-115
-117
-113
-114
-41
-100
61
21
95
84
100
99
99
101
93
96
89
89
86
88
-18
46
-97
-69
-118
-113
-124
-123
-120
-124
-114
-118
-114
-116
-45
-103
59
17
93
81
99
98
99
100
93
97
89
90
89
89
-12
52
-94
-65
-118
-112
-123
-123
-120
-124
-115
-118
-113
-115
-53
-107
55
11
92
80
99
98
99
100
94
97
90
90
89
89
-5
58
-92
-60
-117
-110
-123
-123
-120
-124
-115
-119
-114
-115
-60
-109
52
5
91
77
99
98
99
100
94
97
89
90
89
89
3
64
-89
-54
-117
-110
-123
-122
-120
-124
-115
-119
-112
-115
-69
-111
47
-4
92
76
100
98
100
101
94
98
89
91
88
88
9
68
-87
-50
-116
-108
-123
-122
-120
-124
-115
-119
-114
-116
-73
-112
44
-8
89
74
99
96
100
100
95
98
89
91
90
89
16
73
-83
-44
-116
-107
-122
-122
-121
-124
-115
-120
-113
-115
-81
-113
39
-15
89
71
99
97
100
100
95
99
90
92
90
90
24
77
-80
-38
-115
-104
-122
-121
-121
-125
-115
-120
-114
-115
-88
-113
33
-23
87
68
98
96
100
99
96
98
90
92
90
89
31
81
-76
-32
-114
-102
-122
-121
-121
-125
-116
-121
-114
-116
-93
-113
28
-31
86
66
100
96
100
100
96
99
89
92
89
89
37
82
-73
-27
-114
-100
-122
-121
-121
-125
-116
-121
-114
-115
-97
-114
24
-36
85
63
98
94
99
99
96
98
90
93
89
89
44
86
-68
-20
-113
-98
-121
-120
-122
-125
-116
-121
-114
-116
-101
-114
17
-45
83
59
98
94
100
99
97
99
90
94
89
89
51
87
-64
-13
-111
-96
-121
-120
-122
-125
-117
-122
-114
-116
-105
-114
12
-53
80
56
96
92
98
97
95
97
89
93
89
88
57
88
-59
-7
-110
-93
-121
-119
-123
-124
-117
-121
-113
-115
-108
-113
1
-65
77
50
97
91
100
99
96
99
90
93
87
87
62
87
-54
0
-108
-90
-120
-118
-122
-124
-117
-121
-114
-115
-110
-114
-2
-68
74
47
96
89
98
98
96
98
90
93
88
88
68
88
-49
8
-106
-87
-120
-117
-122
-124
-117
-122
-114
-115
-111
-113
-10
-77
72
42
96
88
98
98
97
99
90
94
89
88
73
88
-42
17
-104
-83
-119
-115
-122
-123
-118
-122
-114
-116
-112
-114
-16
-82
70
38
94
87
98
98
97
99
90
95
89
88
77
88
-37
24
-103
-81
-119
-115
-122
-123
-118
-122
-113
-115
-113
-114
-24
-88
67
33
96
88
99
99
97
100
91
94
89
89
80
87
-32
31
-101
-78
-119
-114
-123
-123
-118
-122
-113
-116
-113
-114
-28
-91
65
31
94
85
98
98
97
99
91
95
89
89
83
88
-26
37
-99
-73
-119
-114
-122
-123
-119
-122
-114
-117
-112
-114
-37
-97
62
23
93
84
99
98
98
99
92
95
89
88
86
88
-19
44
-97
-69
-118
-112
-122
-122
-119
-122
-114
-117
-113
-114
-44
-101
59
18
92
81
98
97
98
99
92
96
89
89
87
89
-13
50
-95
-65
-117
-112
-123
-123
-119
-123
-114
-117
-112
-114
-53
-105
55
11
93
80
100
99
98
101
93
96
89
90
88
88
-7
56
-92
-60
-117
-111
-122
-122
-120
-123
-114
-117
-113
-114
-58
-108
49
4
85
74
92
90
94
94
95
95
94
93
93
95
-1
63
-90
-56
-115
-109
-122
-120
-119
-123
-114
-117
-112
-115
-64
-109
49
1
90
76
99
97
98
99
94
97
89
90
89
89
7
67
-86
-50
-116
-108
-122
-121
-119
-123
-113
-118
-112
-114
-74
-112
44
-8
89
73
96
95
96
97
93
95
88
89
89
88
14
72
-84
-46
-115
-105
-122
-121
-119
-123
-114
-118
-114
-115
-79
-113
39
-13
89
71
98
96
99
99
93
95
89
90
88
87
21
75
-81
-40
-114
-104
-121
-121
-120
-124
-114
-118
-113
-114
-84
-113
35
-20
87
68
97
94
98
97
96
97
88
91
89
88
29
79
-76
-33
-113
-102
-121
-121
-120
-123
-114
-120
-113
-114
-91
-113
30
-29
86
66
98
95
99
99
95
98
89
92
89
89
37
82
-72
-26
-113
-100
-120
-120
-120
-124
-115
-120
-113
-115
-95
-113
24
-35
84
62
98
94
99
99
95
98
90
92
89
89
43
84
-69
-21
-112
-97
-121
-119
-121
-124
-115
-121
-113
-114
-101
-113
16
-47
83
58
99
95
101
101
97
100
90
82
88
-29
34
-101
-75
-119
-115
-123
-123
-119
-123
-114
-116
-113
-114
-34
-95
63
26
93
84
98
98
97
99
92
95
89
89
85
88
-21
42
-97
-71
-118
-113
-122
-123
-119
-122
-114
-116
-113
-114
-43
-100
60
19
93
82
99
98
98
99
92
96
89
89
87
87
-14
49
-95
-66
-117
-112
-122
-123
-120
-123
-114
-117
-113
-115
-51
-105
56
12
91
79
97
97
97
99
93
96
88
89
88
88
-6
56
-91
-60
-117
-110
-122
-122
-120
-123
-113
-118
-112
-114
-60
-108
49
3
90
76
98
97
99
100
93
96
87
88
87
87
0
61
-90
-56
-116
-109
-122
-122
-119
-123
-114
-117
-113
-114
-66
-110
45
-2
86
72
95
92
97
97
93
95
87
89
87
87
7
66
-86
-51
-115
-107
-121
-121
-120
-123
-113
-118
-112
-114
-73
-110
40
-10
86
70
95
93
97
97
92
95
87
88
87
86
16
71
-82
-44
-114
-105
-120
-120
-119
-123
-113
-118
-111
-113
-79
-112
38
-15
86
69
96
93
97
97
93
95
87
88
88
87
23
75
-78
-38
-113
-103
-120
-120
-119
-123
-114
-119
-111
-113
-88
-112
30
-26
85
65
97
95
99
99
94
97
87
90
87
86
29
78
-75
-32
-112
-100
-121
-119
-119
-123
-113
-119
-112
-113
-89
-112
29
-28
85
64
96
93
97
97
94
96
88
90
87
87
36
81
-71
-26
-112
-98
-120
-118
-120
-123
-114
-119
-112
-114
-96
-112
23
-37
83
61
97
93
98
98
95
97
88
91
88
88
43
84
-67
-20
-111
-96
-120
-118
-119
-123
-115
-119
-113
-114
-99
-112
18
-43
82
58
96
92
98
98
95
97
88
92
88
88
50
85
-63
-14
-109
-94
-119
-118
-121
-123
-115
-120
-112
-114
-102
-112
12
-52
81
56
98
93
99
99
96
99
89
92
88
88
55
86
-60
-9
-108
-93
-119
-117
-121
-123
-115
-120
-113
-114
-105
-113
9
-56
80
53
96
91
99
98
96
98
90
93
88
88
60
88
-55
-2
-108
-90
-120
-117
-121
-124
-115
-120
-113
-115
-108
-112
2
-65
78
49
96
91
99
99
97
99
90
94
89
88
66
88
-51
5
-106
-88
-119
-117
-121
-123
-116
-121
-113
-114
-110
-113
-4
-71
74
46
96
90
100
99
98
100
91
95
90
89
72
89
-45
13
-105
-85
-119
-116
-122
-123
-117
-121
-113
-115
-111
-113
-13
-80
73
40
97
90
100
100
98
101
92
96
90
89
76
89
-40
19
-104
-83
-119
-116
-122
-124
-118
-122
-114
-116
-112
-113
-17
-83
71
38
96
88
99
99
98
100
92
96
90
91
80
90
-35
27
-102
-79
-119
-115
-123
-124
-118
-122
-114
-116
-112
-114
-25
-89
67
32
96
87
100
99
98
101
93
97
90
90
83
90
-29
35
-101
-75
-119
-114
-123
-123
-119
-123
-114
-117
-113
-114
-33
-95
64
27
95
86
100
99
99
100
93
97
91
91
86
90
-22
42
-98
-72
-118
-114
-122
-123
-119
-123
-114
-117
-113
-115
-42
-101
61
20
95
84
100
100
100
101
94
97
90
90
87
89
-16
47
-96
-68
-118
-112
-123
-123
-121
-123
-115
-118
-114
-116
-48
-105
58
16
93
81
100
99
100
101
94
97
90
91
89
90
-8
55
-94
-63
-118
-112
-123
-123
-120
-124
-115
-118
-113
-116
-56
-108
54
8
93
79
100
98
100
101
94
98
90
91
90
90
-3
61
-91
-58
-117
-111
-123
-123
-120
-125
-115
-119
-114
-116
-65
-111
50
1
92
77
100
98
100
101
95
98
90
91
90
90
6
68
-89
-52
-117
-109
-124
-123
-121
-125
-115
-120
-113
-115
-73
-112
45
-7
91
75
101
98
101
101
96
99
90
92
90
89
13
72
-85
-48
-116
-108
-123
-123
-121
-125
-115
-120
-114
-116
-78
-113
41
-12
89
72
99
97
100
100
95
99
90
92
91
90
22
76
-81
-40
-116
-105
-123
-123
-121
-126
-116
-121
-114
-116
-86
-114
35
-22
88
69
99
97
100
100
96
99
90
93
90
90
31
81
-76
-32
-114
-103
-122
-121
-121
-125
-117
-121
-114
-116
-93
-114
28
-30
87
66
98
95
101
100
96
99
90
93
90
90
39
84
-72
-26
-114
-101
-122
-121
-122
-125
-116
-121
-114
-116
-99
-114
22
-41
85
62
99
96
101
101
97
99
90
94
89
88
46
86
-68
-19
-113
-98
-122
-120
-122
-125
-117
-122
-114
-116
-102
-114
17
-48
82
58
98
94
100
99
97
99
91
94
90
90
54
88
-62
-11
-111
-95
-121
-120
-122
-125
-117
-122
-114
-116
-108
-115
8
-58
79
53
98
93
100
99
97
100
91
94
90
89
61
89
-57
-2
-109
-92
-121
-119
-123
-125
-118
-122
-115
-116
-109
-114
0
-66
77
49
96
91
100
99
97
100
91
94
89
89
68
89
-51
6
-107
-88
-121
-118
-123
-125
-118
-122
-114
-116
-111
-114
-9
-76
74
43
98
90
100
100
97
100
91
95
89
88
72
89
-45
15
-106
-85
-120
-117
-123
-124
-118
-123
-114
-116
-113
-115
-15
-81
71
39
95
88
99
99
98
100
92
95
90
89
78
89
-37
25
-103
-81
-120
-124
-115
-119
-113
-114
-83
-113
37
-18
89
70
99
97
100
100
94
97
89
91
89
88
25
77
-79
-37
-114
-104
-122
-121
-121
-125
-115
-120
-113
-115
-89
-113
32
-25
86
67
98
94
99
99
95
98
89
92
89
88
34
81
-73
-28
-113
-100
-122
-120
-121
-125
-115
-120
-113
-115
-96
-114
24
-36
84
62
97
94
100
99
96
98
89
92
88
89
44
84
-68
-20
-112
-97
-121
-119
-121
-125
-116
-120
-114
-115
-102
-114
17
-47
82
58
97
92
100
99
96
98
90
93
89
88
53
87
-63
-12
-110
-95
-121
-119
-122
-124
-116
-121
-113
-114
-105
-113
9
-56
80
54
98
93
100
99
97
99
89
93
88
88
58
87
-58
-5
-109
-92
-121
-119
-122
-124
-117
-122
-114
-115
-108
-114
3
-63
78
50
97
91
100
99
97
99
90
94
89
88
66
88
-52
5
-107
-89
-120
-118
-122
-124
-117
-121
-114
-116
-110
-113
-6
-72
74
44
96
90
99
99
97
99
91
94
89
89
72
88
-45
14
-105
-85
-120
-117
-122
-124
-118
-122
-114
-116
-112
-114
-14
-80
71
39
95
89
100
99
98
100
91
95
90
89
78
89
-38
23
-103
-81
-119
-116
-122
-124
-119
-122
-114
-116
-112
-113
-24
-88
69
34
96
88
100
100
98
100
91
96
89
88
81
88
-32
31
-101
-77
-119
-115
-123
-123
-118
-122
-114
-116
-112
-114
-29
-92
65
29
94
85
99
98
99
100
92
96
89
89
85
89
-25
39
-99
-73
-118
-114
-123
-123
-119
-123
-114
-117
-113
-115
-39
-98
62
22
94
83
99
99
98
100
93
96
89
90
87
89
-18
47
-97
-68
-118
-112
-123
-123
-119
-124
-114
-117
-113
-115
-47
-104
58
16
93
81
99
98
99
100
93
97
90
90
88
89
-10
54
-94
-63
-118
-112
-123
-122
-119
-124
-114
-117
-112
-115
-56
-106
55
9
93
80
100
99
99
101
94
97
89
90
88
89
-4
58
-92
-60
-117
-111
-123
-123
-120
-124
-114
-118
-113
-115
-60
-110
51
4
91
77
98
97
99
100
95
97
90
90
89
89
3
65
-88
-54
-117
-109
-123
-123
-120
-124
-115
-119
-113
-115
-69
-111
46
-4
91
75
99
97
99
100
95
97
89
91
90
89
11
70
-85
-49
-116
-108
-122
-122
-121
-125
-115
-120
-114
-116
-76
-112
42
-10
89
73
99
96
100
100
95
98
90
91
90
90
18
75
-83
-44
-115
-106
-122
-122
-121
-124
-115
-119
-113
-115
-84
-112
37
-18
90
71
100
97
101
101
95
99
89
92
90
89
23
76
-79
-38
-114
-104
-122
-122
-121
-126
-115
-120
-114
-115
-88
-114
33
-23
87
68
98
96
100
100
96
99
90
92
90
90
31
80
-76
-32
-114
-102
-123
-121
-121
-125
-115
-121
-113
-115
-93
-114
29
-30
86
66
99
95
99
100
96
99
90
92
90
90
37
84
-72
-27
-114
-100
-122
-121
-122
-126
-116
-121
-114
-115
-97
-114
24
-37
84
62
98
95
100
100
96
99
90
93
89
89
44
86
-69
-20
-113
-98
-122
-120
-122
-125
-117
-122
-114
-116
-102
-114
18
-46
84
59
99
95
101
101
97
100
89
94
89
89
50
86
-65
-15
-112
-96
-121
-120
-122
-125
-117
-122
-115
-116
-104
-115
14
-50
82
57
98
93
100
99
97
99
91
94
90
90
55
88
-61
-9
-110
-94
-121
-119
-122
-125
-118
-122
-114
-116
-107
-115
8
-58
80
53
97
93
100
100
97
100
91
94
90
90
61
89
-56
-2
-109
-92
-121
-119
-122
-125
-117
-122
-115
-116
-108
-115
2
-64
77
51
97
91
99
99
96
100
91
95
90
90
66
89
-52
4
-108
-89
-121
-118
-123
-125
-117
-122
-115
-116
-111
-114
-5
-72
76
46
98
91
101
100
98
100
90
95
89
89
69
89
-48
10
-107
-86
-121
-118
-123
-125
-118
-123
-115
-116
-112
-114
-10
-77
73
43
96
90
99
99
98
100
92
96
90
89
75
90
-41
19
-104
-84
-120
-116
-123
-125
-119
-123
-114
-117
-112
-114
-18
-84
70
37
96
88
100
99
98
100
92
95
90
90
79
89
-36
27
-104
-80
-120
-116
-123
-124
-119
-123
-115
-117
-113
-115
-25
-90
68
32
95
87
100
99
98
100
92
96
90
89
83
90
-29
34
-101
-76
-120
-115
-123
-124
-120
-123
-114
-117
-113
-114
-34
-96
64
26
95
85
100
100
99
100
93
96
89
89
85
88
-24
41
-99
-73
-119
-114
-123
-124
-120
-123
-115
-118
-113
-115
-40
-99
61
21
94
83
99
98
98
100
93
96
89
90
87
89
-15
48
-96
-67
-118
-112
-124
-124
-120
-124
-115
-118
-113
-115
-50
-105
57
13
93
80
99
98
99
100
93
97
90
90
89
89
-7
56
-93
-62
-118
-111
-123
-123
-120
-124
-114
-119
-113
-116
-59
-109
52
6
91
78
99
97
99
100
94
97
89
90
90
89
1
63
-89
-55
-117
-110
-122
-123
-120
-124
-115
-119
-113
-114
-69
-112
46
-3
91
76
100
98
100
101
94
98
89
91
89
89
9
68
-87
-50
-116
-108
-122
-122
-120
-125
-115
-120
-113
-115
89
89
72
88
-44
15
-105
-85
-120
-117
-123
-125
-119
-122
-114
-116
-113
-115
-15
-81
71
39
95
88
99
99
98
100
92
95
90
90
79
89
-36
25
-103
-80
-119
-116
-123
-124
-119
-123
-114
-117
-113
-114
-26
-90
68
32
95
86
99
99
98
100
92
96
89
89
83
89
-29
35
-100
-75
-119
-114
-123
-124
-119
-122
-114
-116
-113
-115
-34
-96
63
25
94
84
99
98
98
100
93
96
89
89
86
88
-20
44
-98
-70
-118
-114
-123
-123
-119
-123
-114
-118
-113
-114
-46
-102
59
17
95
83
100
99
99
101
93
97
90
89
88
88
-13
51
-94
-66
-117
-112
-123
-123
-120
-124
-114
-118
-113
-115
-53
-106
55
11
92
80
98
97
99
100
94
97
90
90
89
89
-4
59
-91
-58
-117
-110
-123
-123
-120
-124
-115
-118
-114
-115
-62
-110
50
2
91
77
99
97
99
100
94
97
90
91
89
89
5
65
-88
-52
-117
-110
-123
-123
-120
-124
-115
-119
-114
-115
-71
-112
45
-5
90
74
99
97
99
100
95
98
90
91
89
89
15
73
-84
-46
-115
-107
-122
-122
-120
-124
-115
-120
-113
-116
-82
-113
38
-17
90
71
99
97
100
101
96
98
89
91
89
89
23
76
-80
-39
-115
-105
-122
-122
-121
-125
-115
-120
-114
-115
-87
-114
34
-23
87
69
98
96
100
99
95
98
90
92
89
90
33
81
-75
-31
-114
-102
-122
-121
-121
-125
-116
-121
-114
-116
-95
-114
25
-34
83
62
97
93
99
98
96
98
89
92
89
88
42
84
-68
-22
-112
-99
-121
-120
-122
-125
-116
-121
-114
-115
-101
-114
16
-47
81
57
97
92
99
99
95
98
89
92
88
87
51
86
-64
-13
-110
-96
-121
-120
-122
-124
-117
-121
-113
-115
-105
-113
10
-56
79
54
97
92
99
99
95
98
89
92
88
88
57
87
-59
-6
-109
-92
-120
-118
-122
-124
-117
-121
-113
-115
-107
-113
4
-62
77
51
96
91
98
97
96
99
89
93
88
88
64
88
-52
3
-108
-89
-120
-118
-122
-124
-117
-121
-113
-115
-110
-114
-5
-71
74
45
96
89
98
99
96
99
90
94
89
88
69
88
-47
11
-106
-86
-120
-117
-123
-123
-117
-122
-113
-115
-111
-114
-12
-78
72
40
95
88
99
98
97
99
91
95
89
89
75
89
-40
19
-104
-82
-120
-116
-123
-124
-118
-122
-113
-115
-112
-114
-21
-86
69
35
95
88
100
99
97
100
91
95
88
88
78
88
-35
27
-102
-79
-118
-114
-122
-122
-118
-122
-114
-116
-112
-113
-26
-90
66
31
94
85
99
98
97
99
92
95
89
89
83
88
-28
36
-99
-75
-119
-114
-122
-123
-119
-122
-113
-116
-113
-114
-36
-96
63
24
93
84
99
98
98
100
93
96
89
89
86
88
-21
42
-97
-70
-118
-113
-122
-122
-119
-122
-114
-117
-113
-115
-44
-101
60
19
93
82
98
98
99
99
93
97
89
89
87
88
-13
50
-95
-65
-117
-112
-123
-122
-119
-123
-114
-117
-112
-114
-52
-105
56
11
93
80
99
98
99
101
93
96
89
89
87
88
-7
56
-92
-61
-117
-111
-123
-122
-119
-123
-114
-117
-112
-115
-58
-109
51
6
91
78
99
97
99
99
94
97
89
90
89
89
1
63
-89
-56
-117
-109
-123
-122
-120
-124
-114
-119
-113
-115
-68
-111
47
-4
90
75
98
97
99
100
94
97
89
91
89
88
11
70
-85
-48
-115
-107
-122
-122
-120
-124
-114
-119
-113
-115
-77
-112
41
-12
89
72
98
95
99
99
95
97
89
91
89
89
20
75
-81
-41
-115
-104
-122
-121
-121
-125
-114
-120
-113
-114
-86
-113
34
-21
88
69
99
97
100
100
95
98
89
92
88
88
28
78
-77
-34
-114
-103
-122
-121
-121
-124
-115
-120
-114
-115
-90
-113
30
-28
85
65
98
95
100
99
96
98
90
91
90
90
37
83
-72
-27
-112
-101
-121
-120
-121
-124
-115
-120
-113
-115
-97
-114
23
-38
84
61
98
94
99
99
96
98
90
92
88
90
45
85
-68
-19
-112
-98
-121
-120
-122
-125
-116
-121
-114
-116
-102
-114
15
-48
81
58
97
92
99
99
96
99
90
93
89
89
53
87
-62
-11
-110
-95
-121
-119
-122
-124
-116
-121
-114
-114
-106
-113
7
-58
80
53
98
93
100
99
97
100
90
94
88
89
60
88
-57
-3
-109
-91
-121
-119
-122
-124
-117
-121
-114
-116
-109
-114
1
-65
77
48
96
90
100
99
97
99
90
94
89
89
67
89
-50
7
-107
-88
-121
-117
-122
-124
-117
-122
-114
-116
-111
-114
-9
-76
73
43
96
90
99
99
97
100
91
95
90
88
74
89
-42
17
-105
-84
-120
-116
-122
-124
-118
-122
-114
-116
-112
-114
-18
-83
69
37
95
88
99
99
98
100
92
96
90
89
80
89
-34
27
-102
-79
-119
-115
-123
-124
-119
-122
-114
-117
-112
-114
-28
-91
67
30
95
87
100
100
98
101
92
96
89
88
83
88
-28
36
-100
-75
-119
-114
-122
-123
-119
-122
-114
-117
-113
-115
-36
-96
62
24
94
84
98
98
98
100
93
96
90
89
86
89
-19
44
-60
-7
-110
-93
-121
-119
-122
-124
-117
-121
-114
-115
-108
-113
4
-62
78
51
97
91
99
99
97
99
90
94
89
88
64
88
-53
3
-107
-89
-120
-118
-122
-124
-117
-122
-114
-116
-110
-115
-4
-70
74
46
96
90
99
99
97
99
91
94
88
89
71
89
-46
12
-106
-85
-120
-117
-122
-124
-118
-122
-113
-115
-111
-113
-15
-81
72
40
96
89
100
99
98
100
91
95
89
88
76
88
-39
22
-104
-82
-119
-116
-123
-124
-118
-122
-114
-116
-112
-114
-23
-88
68
33
94
87
99
98
97
99
91
95
89
89
82
89
-31
33
-100
-76
-119
-115
-123
-123
-118
-123
-114
-117
-112
-114
-33
-95
64
26
93
84
99
98
98
99
93
96
89
89
85
88
-21
41
-98
-71
-119
-114
-123
-123
-119
-123
-113
-117
-113
-114
-43
-101
60
19
92
82
98
98
98
100
93
96
90
89
88
88
-14
50
-95
-66
-117
-112
-123
-123
-119
-123
-113
-118
-113
-114
-54
-106
55
9
93
80
100
98
99
100
93
96
89
89
88
88
-6
58
-92
-60
-117
-110
-122
-122
-120
-124
-114
-118
-112
-114
-61
-109
51
4
91
77
98
97
98
100
94
97
89
90
89
88
3
64
-88
-54
-116
-109
-122
-122
-120
-124
-114
-118
-113
-115
-69
-111
46
-5
89
74
98
96
99
99
94
97
89
90
89
89
12
70
-85
-47
-116
-107
-122
-121
-120
-124
-115
-119
-114
-116
-76
-113
40
-12
89
71
98
96
99
99
95
97
89
92
89
88
22
76
-81
-41
-115
-105
-122
-121
-121
-124
-114
-120
-113
-114
-86
-112
34
-23
88
68
99
96
100
100
95
98
88
91
89
89
28
78
-77
-35
-114
-103
-122
-121
-121
-125
-115
-120
-113
-115
-91
-113
29
-29
86
65
97
95
100
99
95
98
89
92
89
88
37
83
-72
-27
-113
-100
-122
-121
-121
-124
-115
-120
-114
-115
-97
-114
23
-38
84
61
97
94
99
99
96
99
90
93
89
89
45
85
-68
-19
-112
-98
-121
-120
-121
-124
-116
-120
-114
-115
-101
-114
16
-46
81
57
98
93
99
99
96
99
90
93
89
89
52
87
-63
-12
-110
-95
-120
-120
-122
-124
-116
-121
-114
-115
-106
-114
7
-57
77
52
92
86
95
95
95
95
93
95
94
93
59
92
-58
-5
-108
-92
-120
-117
-121
-124
-116
-121
-114
-116
-107
-113
5
-61
77
52
96
91
98
98
97
99
90
94
89
89
65
89
-52
4
-107
-89
-120
-118
-122
-124
-117
-122
-114
-115
-111
-113
-6
-73
75
45
96
89
97
97
94
97
89
92
89
88
70
89
-47
11
-105
-86
-120
-116
-122
-123
-117
-121
-114
-115
-111
-115
-9
-76
72
41
94
90
98
97
95
98
91
93
89
89
76
89
-41
20
-104
-83
-119
-116
-122
-123
-117
-121
-113
-115
-111
-114
-20
-85
69
36
96
88
98
98
97
99
91
95
88
87
79
88
-35
27
-102
-79
-118
-115
-122
-123
-118
-122
-114
-115
-112
-113
-26
-89
67
32
95
86
99
98
97
99
92
95
90
88
83
89
-27
36
-100
-75
-118
-113
-122
-123
-118
-122
-113
-116
-112
-114
-35
-96
63
24
94
83
99
98
98
99
93
96
89
89
85
89
-21
43
-97
-70
-118
-113
-122
-122
-118
-123
-113
-117
-113
-114
-43
-100
60
19
93
82
99
98
99
99
93
96
90
90
88
89
-14
50
-95
-66
-117
-112
-123
-123
-119
-123
-114
-117
-112
-113
-55
-105
55
9
93
80
100
99
101
101
94
98
89
90
88
88
-6
57
-92
-61
-117
-111
-123
-123
-120
-123
-114
-118
-113
-115
-58
-108
53
6
91
78
98
97
99
100
94
97
89
91
89
89
1
63
-89
-55
-116
-109
-122
-122
-120
-124
-114
-119
-114
-116
-66
-111
47
-2
91
76
99
97
99
100
95
97
90
92
90
89
10
69
-86
-50
-116
-107
-122
-122
-120
-124
-114
-119
-113
-113
-75
-113
41
-10
89
72
97
96
100
99
94
97
89
90
89
89
18
73
-82
-43
-115
-106
-122
-121
-120
-124
-114
-119
-112
-114
-85
-112
36
-21
90
71
101
98
100
101
95
98
87
90
87
87
25
77
-79
-36
-114
-103
-121
-121
-121
-125
-115
-119
-113
-115
-88
-113
32
-25
86
67
98
95
99
99
95
98
90
91
89
88
33
80
-74
-30
-113
-102
-121
-120
-120
-124
-115
-120
-113
-114
-95
-113
25
-34
84
63
97
94
99
99
96
98
89
92
89
88
41
84
-69
-23
-112
-98
-121
-119
-121
-124
-115
-120
-114
-115
-99
-114
20
-42
82
60
97
93
99
99
96
98
89
93
89
89
48
86
-65
-15
-111
-96
-121
-119
-121
-124
-116
-120
-113
-115
-104
-113
12
-53
81
55
98
93
100
100
97
99
89
93
88
88
55
87
-60
-9
-110
-94
-121
-119
-122
-124
-116
-121
-114
-115
-106
-114
6
-59
78
53
96
91
98
99
96
99
90
93
89
89
62
88
-54
0
-108
-90
-120
-117
-122
-124
-116
-121
-113
-114
-109
-113
-3
-68
75
47
95
90
98
98
96
99
90
93
88
88
68
87
-48
9
-106
-87
-120
-117
-111
-113
-68
-110
45
-4
90
74
98
96
99
99
94
96
89
90
89
88
12
70
-84
-47
-114
-106
-121
-120
-119
-123
-113
-118
-112
-114
-76
-112
41
-12
89
71
98
96
99
99
95
97
89
91
89
88
21
75
-81
-41
-113
-104
-121
-120
-120
-124
-113
-119
-112
-114
-85
-112
35
-21
88
69
99
96
100
100
95
98
89
91
89
89
29
79
-75
-33
-113
-102
-121
-120
-120
-124
-115
-119
-112
-114
-90
-113
30
-27
86
66
99
95
100
99
96
98
90
93
90
89
37
84
-72
-26
-112
-100
-121
-120
-120
-124
-115
-120
-114
-115
-97
-113
24
-38
85
63
98
94
100
100
96
99
91
93
89
89
45
86
-68
-19
-111
-98
-121
-119
-121
-124
-116
-121
-114
-115
-101
-113
17
-47
82
59
98
94
100
100
97
99
91
94
90
90
53
88
-62
-12
-111
-94
-121
-119
-121
-124
-116
-121
-113
-115
-105
-113
9
-56
82
55
99
94
101
101
98
101
91
95
89
89
59
88
-59
-5
-110
-92
-121
-119
-122
-125
-117
-121
-114
-115
-108
-114
4
-62
79
52
97
92
101
100
97
101
92
96
90
90
65
90
-52
4
-108
-90
-121
-118
-122
-124
-118
-122
-114
-115
-110
-114
-4
-71
76
46
97
92
101
100
98
101
91
96
91
90
71
90
-47
12
-106
-86
-120
-118
-123
-124
-118
-122
-114
-116
-112
-114
-12
-79
73
42
96
89
100
99
99
101
92
96
91
90
77
91
-39
21
-104
-82
-120
-117
-123
-125
-118
-123
-114
-117
-112
-114
-21
-86
71
36
97
89
101
101
99
101
93
97
91
90
81
90
-34
29
-102
-79
-120
-116
-123
-125
-119
-123
-115
-117
-113
-115
-28
-92
67
31
96
87
100
100
99
102
93
97
91
90
85
90
-27
38
-101
-74
-120
-115
-124
-124
-120
-124
-115
-117
-114
-115
-37
-98
63
24
95
85
100
99
99
101
93
98
90
91
87
90
-19
45
-97
-70
-119
-114
-124
-124
-120
-124
-115
-119
-114
-116
-46
-103
59
17
94
82
100
99
99
101
95
98
90
91
89
90
-11
54
-95
-65
-119
-112
-124
-124
-121
-125
-115
-119
-113
-116
-57
-108
54
8
93
80
101
99
100
101
95
99
90
91
89
90
-4
59
-92
-60
-118
-111
-124
-123
-121
-125
-115
-120
-114
-116
-62
-110
51
3
92
78
99
99
100
100
95
98
91
92
90
90
5
67
-88
-53
-117
-110
-124
-123
-121
-125
-116
-120
-114
-115
-72
-112
45
-7
90
75
100
97
100
101
96
98
90
91
90
90
14
73
-85
-47
-116
-108
-123
-123
-121
-126
-115
-121
-114
-116
-81
-113
39
-15
89
72
99
97
100
100
96
99
90
92
90
90
24
77
-80
-38
-115
-105
-123
-122
-121
-126
-116
-120
-114
-115
-90
-114
32
-26
88
68
100
97
100
101
96
99
89
92
90
89
33
82
-75
-30
-114
-102
-122
-121
-122
-125
-116
-121
-114
-116
-95
-115
26
-34
85
63
98
95
100
100
96
99
90
93
90
90
43
86
-69
-21
-113
-99
-122
-121
-122
-125
-117
-121
-115
-115
-102
-115
17
-47
83
59
98
94
100
100
96
99
90
93
89
89
52
88
-63
-12
-111
-95
-121
-121
-123
-125
-117
-122
-115
-116
-106
-115
10
-56
80
55
97
92
100
99
96
99
90
94
90
89
60
89
-56
-3
-109
-91
-121
-119
-123
-125
-118
-122
-114
-116
-109
-114
-1
-68
77
48
98
92
100
100
97
100
91
95
89
88
68
88
-50
7
-107
-88
-121
-118
-123
-125
-118
-122
-114
-116
-111
-115
-9
-75
74
43
96
89
100
99
97
100
91
95
90
89
74
89
-43
18
-105
-83
-121
-117
-123
-124
-119
-122
-114
-116
-112
-115
-18
-84
70
38
95
87
100
99
98
100
-118
-122
-120
-124
-121
-124
-120
-120
-117
-116
-114
-114
-114
-114
-112
-112
-111
-106
-87
-60
-26
4
30
50
65
76
84
89
92
95
96
97
96
97
98
97
96
97
95
94
91
89
88
87
88
88
88
87
79
59
30
-2
-29
-54
-72
-88
-99
-108
-111
-117
-118
-121
-121
-124
-121
-123
-120
-120
-117
-117
-114
-115
-113
-114
-112
-112
-111
-108
-92
-64
-31
-2
24
46
62
74
84
90
94
97
98
100
100
100
100
100
98
98
96
94
92
89
88
87
88
88
88
86
80
61
35
3
-27
-53
-71
-87
-99
-106
-111
-116
-117
-121
-120
-123
-122
-124
-120
-121
-117
-118
-115
-115
-113
-114
-112
-112
-111
-108
-92
-64
-32
-2
24
46
62
74
83
88
92
96
97
98
98
99
98
98
97
97
95
94
92
90
89
89
89
88
88
88
83
65
37
5
-23
-50
-69
-87
-98
-106
-111
-116
-118
-121
-120
-124
-122
-124
-120
-122
-118
-118
-115
-115
-113
-115
-113
-114
-112
-110
-94
-68
-36
-3
22
44
60
73
82
89
92
96
97
98
98
99
99
99
98
97
96
94
92
90
88
88
89
88
89
88
83
66
39
7
-22
-50
-69
-86
-98
-106
-111
-116
-117
-121
-120
-124
-122
-124
-120
-122
-118
-119
-115
-115
-113
-114
-113
-113
-112
-110
-96
-71
-38
-7
20
43
-68
-60
-63
-120
-30
-2
72
-83
-122
-90
-112
19
-125
39
85
89
82
-80
-60
-33
-59
113
-68
31
40
127
-32
-123
-65
-4
-128
34
88
-15
-69
34
43
115
-25
9
60
-115
-128
97
-126
0
-124
96
51
11
-50
-128
1
81
-26
-97
-112
117
-75
-16
-75
-25
66
94
108
71
-4
55
-34
50
76
-103
31
-26
-44
-1
96
15
121
-121
4
-127
-104
-93
-34
-123
-28
-4
23
-96
-80
-4
51
9
57
13
-2
30
-96
95
-119
115
-29
-91
-70
13
-3
18
-34
12
-80
21
79
-106
-13
42
36
110
-42
43
-105
-116
119
120
-64
-127
-124
16
120
0
64
88
88
-113
96
-116
72
7
19
24
-116
80
64
-124
-84
77
122
-45
15
-112
116
40
15
-77
-125
4
114
-122
3
-76
8
5
-103
-72
11
-55
20
-87
-4
-85
-101
-63
-97
-14
-127
127
-121
113
-115
-68
7
-119
24
-128
67
115
80
-64
-73
18
2
27
-98
-62
-42
60
-69
-65
-25
-83
120
-122
-48
71
-33
-32
-68
124
-32
-113
112
-114
-97
-72
119
-128
108
100
112
-117
-119
88
-70
38
-128
120
-128
126
-121
-64
-128
-97
3
-48
-126
-57
-35
-128
-113
0
-81
-50
-16
-107
116
113
-32
-69
-5
-113
79
-33
87
-128
96
-128
-1
-128
-121
-128
-127
-67
-65
-63
-128
122
2
-2
-127
53
-28
104
127
-124
31
126
-72
-72
-77
96
-104
103
-121
-95
-120
-12
64
-128
13
27
-122
-55
23
-32
34
-50
103
-93
124
95
122
67
-80
-98
48
106
-63
96
-17
-123
108
-48
-83
-98
-28
67
-115
66
87
-36
78
-110
66
5
-12
21
93
-107
-128
-98
-16
-126
-122
-54
-32
-119
-125
-28
-33
-87
103
3
120
127
-113
-9
1
-45
126
39
-96
-48
13
26
-68
105
-54
-19
90
-15
-86
-92
98
89
107
42
42
7
11
-54
-43
9
36
104
-109
-81
19
63
-72
24
-45
-117
61
111
-49
27
-2
44
-15
30
-112
108
-59
28
42
42
107
-60
45
54
-43
42
121
53
21
-43
61
10
67
107
125
-94
-97
127
-57
-103
16
-125
-77
-55
10
-18
-46
106
-84
-44
118
-71
-97
26
-11
-7
-43
42
83
-11
31
66
99
-65
119
85
-45
54
-82
-106
10
43
96
44
20
28
-42
-84
37
92
-109
16
-113
-68
-76
62
-128
-17
-109
-84
115
-72
-116
78
99
-114
-61
27
42
-38
92
33
-107
101
107
35
-87
7
-38
92
-46
111
-55
-40
37
53
-44
-62
-76
117
-38
-76
-81
58
103
105
-30
54
-116
-21
-21
-79
-7
-93
-38
-125
91
-59
102
-13
3
91
0
108
36
41
108
-45
37
-43
-43
-123
-74
-85
10
42
17
81
-44
-50
-38
123
-123
-123
112
127
68
-29
42
47
50
48
-35
46
83
-26
-91
88
-37
109
10
34
90
122
-62
106
-49
-61
83
-25
121
101
37
-124
42
-99
115
-83
90
68
53
-94
26
80
50
-42
36
75
87
17
115
-33
71
-89
0
-100
-40
45
123
6
-56
97
122
-61
38
26
-22
44
87
87
33
93
37
-39
51
91
94
-6
-23
-28
-123
-60
90
22
107
-81
-22
49
17
72
-76
69
-38
87
22
43
24
61
-53
34
-112
93
97
57
44
73
96
127
-79
115
-126
48
75
4
105
46
42
-43
106
-108
80
-43
10
42
42
43
70
-107
-40
-93
-47
88
24
105
-97
108
-38
-22
50
96
45
57
32
-43
-78
7
99
-104
-85
-127
-118
-61
43
65
-52
74
64
54
17
22
74
77
-82
39
-110
-40
-50
84
115
53
42
74
9
73
21
28
124
-99
-29
-13
-65
-85
-100
113
27
-67
126
79
18
-115
67
8
-29
41
-111
54
-92
42
-94
-105
-55
103
28
-126
84
-105
72
28
-128
26
56
-69
109
-11
61
-68
-110
-115
-48
77
106
-42
-30
86
-34
-79
-66
122
-4
-125
46
64
3
112
-65
-82
-12
95
-97
-126
-124
-44
-84
41
7
-93
34
85
-37
98
114
93
101
-83
75
9
-125
-49
-40
-127
23
-114
-96
-18
-29
92
-1
-65
-41
-23
75
-64
-78
-2
-112
-113
-97
-65
64
-112
-1
-125
-97
127
112
-65
-13
-128
-16
-76
-106
-109
114
7
19
117
-33
-99
34
40
127
-112
-81
65
-5
-11
127
71
-121
-128
-99
-65
-128
-113
-114
-127
-97
-1
-121
-56
112
60
-65
-121
-121
95
120
-4
-98
4
-126
0
-64
-65
-125
-81
54
99
43
-83
93
-118
-54
46
-38
-109
123
-29
88
24
125
-15
11
-105
51
-75
-93
-17
-103
119
120
89
80
-18
-104
-36
-2
123
-60
36
70
104
-17
-108
19
90
101
-9
-110
90
6
61
-124
51
124
-77
94
63
11
66
115
-122
-99
9
-126
-33
-22
-46
-100
47
-5
-93
115
-100
125
-16
-111
64
-94
-40
-128
-96
12
29
112
-16
103
84
70
-42
-76
72
87
117
100
-81
48
22
-119
68
-79
-62
15
-116
72
-118
14
104
-2
-127
127
-82
-74
95
-127
-80
-121
-69
96
-19
-68
-65
-101
106
-98
29
-38
-89
65
-128
-10
-103
112
-16
