1
1
1
1
1
1
1
1
1
1
1
1
1
1
1
1
1
1
1
1
1
1
1
1
1
1
1
1
1
1
1
1
1
1
1
1
1
1
0
1
1
1
1
1
1
0
1
1
1
1
1
1
1
1
1
1
1
1
1
1
1
1
1
1
1
1
1
1
1
1
1
1
1
1
1
1
1
1
1
0
1
1
1
1
1
1
1
1
1
1
1
1
1
1
2
1
1
1
1
1
1
1
1
1
1
1
1
1
1
1
1
1
1
1
1
1
1
1
1
1
1
1
1
1
1
1
1
1
1
1
1
1
1
1
1
1
1
1
1
1
1
1
1
1
1
1
1
0
1
1
1
1
0
1
1
0
1
1
0
1
1
1
1
0
1
1
1
1
1
1
1
1
1
1
1
1
1
1
1
2
1
1
1
0
1
1
1
1
1
1
1
1
1
1
1
1
1
1
1
1
1
1
1
1
1
1
1
1
1
1
1
1
1
1
1
1
1
1
1
1
1
1
1
1
1
1
1
1
1
1
1
1
1
1
1
1
1
1
1
1
1
1
1
2
1
1
1
1
1
1
1
1
1
1
1
1
2
1
1
1
1
1
1
1
1
1
1
1
1
1
1
1
1
1
1
1
1
1
1
1
1
1
1
1
1
1
1
1
1
1
1
1
1
1
1
1
1
1
1
1
1
1
1
1
1
1
0
1
1
1
1
1
1
1
1
1
1
1
1
1
1
1
1
0
1
1
1
1
1
1
1
1
1
1
1
1
1
1
1
1
1
1
1
0
1
0
0
1
1
1
1
1
1
0
1
1
1
1
1
1
1
1
0
1
1
1
1
1
1
1
1
1
1
1
1
0
1
1
1
0
1
1
1
0
1
1
1
1
1
1
1
0
1
1
1
1
1
1
1
1
1
1
1
1
1
1
1
1
1
1
1
0
1
1
1
1
1
1
1
1
1
1
1
1
1
1
1
1
1
1
1
1
1
1
1
1
1
1
1
1
1
1
1
1
0
1
1
1
1
1
1
1
1
1
1
1
1
1
1
1
1
1
1
1
1
1
1
1
1
1
1
1
1
1
1
1
1
1
1
1
1
1
1
1
1
1
1
1
1
1
1
2
1
1
1
1
1
1
1
1
1
1
1
1
1
1
1
1
1
1
1
1
-128
-128
-128
-128
-128
-128
-128
-128
-67
-128
16
-128
-38
-128
-10
-128
-128
-128
-128
-128
-128
-128
-128
-128
112
127
-128
-128
-123
-128
-128
-128
1
1
1
1
1
0
1
1
1
1
2
2
1
1
1
1
1
1
2
1
1
1
1
2
2
1
1
1
1
2
1
1
1
1
1
1
1
1
1
1
1
1
1
1
1
1
1
1
1
1
1
1
1
1
1
1
1
1
1
1
1
1
1
1
1
1
1
1
1
1
1
1
1
1
1
1
1
1
1
1
1
0
1
1
1
1
1
1
1
1
1
1
1
1
1
1
1
1
1
1
1
1
1
1
1
1
1
1
1
1
1
1
1
1
1
1
1
1
1
1
1
1
1
1
1
1
1
1
1
1
1
1
1
1
1
1
1
1
1
1
1
1
1
1
1
1
1
1
1
1
1
1
1
1
1
1
1
1
1
1
1
1
1
1
1
1
1
1
1
1
1
1
1
1
1
1
1
1
1
1
1
1
1
1
1
1
1
1
1
1
1
1
1
1
1
1
1
1
1
1
1
1
1
1
1
1
1
1
1
1
1
1
1
1
1
1
1
1
1
1
1
1
1
1
2
1
1
1
1
1
1
1
1
1
1
1
1
1
1
1
1
1
1
1
1
1
1
1
1
1
1
1
1
0
1
1
1
1
1
1
1
1
0
1
1
1
1
1
1
1
1
1
1
0
1
1
1
1
1
1
1
1
0
1
2
1
1
1
0
1
1
1
1
1
1
1
1
1
1
1
1
1
1
1
1
1
1
1
1
1
1
1
1
1
1
1
1
1
1
1
1
0
1
1
0
1
1
1
1
1
1
1
1
1
1
1
1
1
1
1
1
1
1
2
1
1
1
1
1
1
1
1
1
1
1
1
1
1
1
1
1
1
1
1
1
1
1
1
1
1
1
1
1
1
1
1
1
1
1
1
1
1
0
1
1
2
1
1
1
1
1
1
1
1
1
1
1
1
1
1
1
1
1
1
1
1
1
1
1
1
0
1
1
1
1
1
1
1
1
1
1
1
1
1
1
1
1
1
1
1
1
1
1
1
1
1
1
1
1
1
1
1
1
1
1
1
1
1
1
1
1
1
1
1
1
1
99
95
100
100
95
98
89
92
88
88
34
81
-74
-29
-113
-101
-122
-120
-121
-124
-115
-119
-114
-115
-94
-113
26
-33
85
63
97
94
99
99
95
98
90
92
89
89
40
84
-71
-24
-112
-99
-122
-120
-121
-124
-116
-120
-114
-115
-98
-114
22
-40
83
60
98
94
100
99
95
99
90
93
90
89
45
86
-68
-19
-112
-97
-121
-120
-121
-124
-116
-121
-114
-115
-101
-114
18
-44
83
59
98
93
100
99
96
99
90
93
89
89
50
86
-65
-14
-111
-97
-121
-119
-122
-124
-116
-121
-113
-115
-104
-114
12
-52
82
56
98
94
101
100
97
100
90
93
89
88
54
87
-62
-10
-110
-94
-121
-119
-122
-124
-117
-121
-114
-115
-105
-114
9
-56
80
54
97
92
100
99
96
99
90
94
90
89
58
88
-57
-4
-109
-92
-120
-118
-122
-124
-117
-121
-114
-115
-107
-114
5
-61
79
52
97
92
100
99
97
99
91
94
89
89
63
88
-55
0
-108
-90
-121
-118
-122
-124
-117
-121
-114
-115
-108
-114
2
-65
78
49
97
91
100
99
97
99
91
94
89
89
65
89
-52
4
-108
-89
-121
-118
-122
-124
-117
-122
-114
-115
-110
-113
-4
-71
76
46
98
91
100
100
97
100
91
95
89
88
68
89
-49
9
-106
-87
-121
-118
-123
-124
-118
-121
-114
-116
-111
-114
-8
-75
74
43
96
89
99
99
97
99
91
95
90
89
71
89
-45
14
-105
-85
-120
-117
-122
-124
-118
-122
-114
-116
-112
-114
-12
-79
72
41
96
89
99
99
98
100
91
95
90
89
74
89
-43
18
-106
-84
-120
-116
-123
-124
-118
-122
-114
-116
-112
-113
-14
-81
72
39
95
88
99
99
98
100
92
96
90
89
78
90
-38
23
-104
-81
-120
-116
-123
-124
-118
-122
-114
-116
-112
-114
-22
-87
70
35
96
88
100
100
98
101
92
96
90
89
80
89
-35
27
-103
-80
-119
-115
-123
-124
-118
-122
-114
-117
-113
-114
-24
-89
68
33
95
87
99
99
98
100
92
96
90
90
82
90
-31
32
-102
-77
-119
-115
-123
-123
-119
-123
-115
-117
-113
-114
-29
-92
66
30
95
86
99
99
98
100
93
96
90
89
83
89
-28
35
-101
-75
-119
-115
-123
-123
-120
-123
-115
-117
-114
-115
-31
-94
65
28
95
85
99
98
98
100
93
96
90
90
85
89
-25
39
-100
-73
-119
-114
-124
-124
-120
-123
-115
-116
-113
-115
-38
-99
63
22
95
84
100
99
99
100
93
96
89
89
86
89
-21
43
-98
-70
-119
-113
-123
-124
-119
-124
-114
-117
-114
-115
-41
-101
61
20
93
82
100
98
99
100
94
96
90
90
87
90
-17
47
-97
-68
-118
-113
-123
-123
-119
-124
-114
-117
-113
-115
-46
-104
58
16
94
81
99
98
99
100
93
97
90
89
88
88
-14
50
-95
-66
-118
-113
-123
-123
-120
-124
-115
-118
-113
-115
-49
-105
57
14
92
80
99
98
98
100
94
97
90
90
88
90
-9
55
-94
-63
-118
-112
-123
-123
-120
-124
-115
-118
-113
-114
-57
-107
54
8
93
80
100
98
99
101
94
97
89
90
89
89
-5
58
-92
-60
-118
-111
-123
-123
-120
-124
-114
-118
-113
-115
-60
-109
51
4
92
77
98
97
99
100
94
97
90
91
89
89
0
63
-90
-56
-117
-109
-123
-122
-120
-124
-115
-119
-113
-115
-66
-110
49
-1
90
76
99
97
99
100
94
97
90
90
89
88
4
66
-89
-52
-117
-108
-123
-122
-121
-125
-115
-119
-114
-116
-69
-112
46
-4
90
74
99
97
99
100
94
97
90
91
89
89
11
70
-85
-48
-116
-107
-123
-122
-121
-125
-115
-120
-113
-115
-77
-112
42
-11
90
73
100
97
100
100
95
97
89
90
89
88
16
73
-82
-44
-115
-106
-123
-122
-121
-124
-115
-119
-113
-115
-81
-113
38
-16
88
70
98
96
100
99
95
98
89
91
90
89
23
77
-81
-39
-115
-104
-122
-121
-121
-124
-116
-120
-114
-115
-86
-114
35
-22
87
68
98
96
100
99
96
97
90
92
90
89
29
79
-77
-34
-114
-103
-122
-121
-121
-125
-115
-120
-113
-115
-89
-114
31
-27
86
66
97
95
100
99
96
98
90
92
90
89
34
82
-74
-29
-114
-101
-122
-121
-121
-125
-115
-121
-113
-116
-96
-114
25
-36
86
63
99
95
100
100
96
99
89
93
89
88
41
84
-70
-22
-113
-99
-122
-121
-121
-125
-116
-120
-114
-115
-99
-114
20
-42
83
60
97
93
100
99
96
99
90
93
89
89
48
86
-66
-17
-112
-97
-121
-120
-122
-125
-117
-121
-114
-115
-102
-114
16
-49
82
57
99
93
100
99
96
99
90
94
89
89
53
87
-63
-12
-111
-95
-121
-119
-123
-124
-117
-121
-114
-115
-105
-114
12
-53
81
56
97
92
100
99
96
99
90
94
90
89
58
88
-59
-6
-110
-93
-121
-119
-122
-125
-117
-122
-114
-116
-108
-114
4
-63
79
51
98
93
100
99
97
100
90
94
89
88
63
88
-54
0
-108
-90
-121
-119
-123
-124
-118
-121
-115
-116
-109
-114
-1
-67
76
48
96
90
100
99
97
99
91
95
71
88
-46
13
-106
-86
-120
-117
-123
-124
-118
-122
-114
-116
-112
-114
-11
-78
72
41
96
88
99
98
97
99
92
95
89
89
75
89
-42
20
-105
-83
-120
-116
-123
-124
-118
-122
-114
-116
-112
-114
-19
-85
70
36
96
88
100
100
99
100
91
96
89
89
79
88
-36
26
-103
-81
-120
-116
-123
-124
-119
-123
-114
-117
-113
-115
-24
-89
67
32
95
86
99
98
98
99
92
96
90
89
83
89
-30
33
-101
-76
-119
-115
-123
-124
-119
-123
-114
-117
-113
-114
-32
-95
65
27
94
85
100
99
98
100
92
96
90
89
84
89
-25
40
-99
-73
-119
-114
-124
-124
-119
-123
-114
-117
-114
-115
-37
-98
63
23
94
84
99
98
98
99
93
96
89
89
87
89
-18
45
-97
-69
-119
-113
-123
-123
-120
-124
-114
-118
-113
-114
-48
-103
58
16
94
81
100
99
99
100
93
96
89
89
88
88
-12
52
-95
-65
-118
-112
-123
-123
-120
-124
-115
-118
-113
-116
-52
-106
55
11
92
80
99
97
99
100
94
97
89
90
89
89
-6
57
-92
-61
-118
-111
-123
-122
-120
-124
-114
-118
-113
-115
-59
-109
52
5
91
78
99
97
99
100
94
96
90
90
89
89
0
62
-90
-56
-118
-110
-123
-123
-121
-124
-115
-119
-113
-115
-65
-111
49
0
91
76
99
97
100
100
94
97
90
91
89
89
7
67
-88
-52
-116
-108
-123
-122
-121
-124
-115
-119
-113
-115
-73
-112
43
-8
90
74
99
98
100
100
94
97
88
88
88
87
14
71
-84
-47
-115
-105
-122
-121
-121
-124
-116
-120
-114
-116
-78
-112
41
-12
90
73
99
96
99
99
95
97
88
89
88
87
20
75
-81
-41
-114
-104
-122
-122
-121
-125
-116
-120
-114
-116
-84
-113
36
-20
89
70
-128
-128
-99
-128
32
-128
-128
-128
-128
-128
-128
-128
-114
-128
29
-128
-128
-128
-128
-128
-128
-128
-127
-128
-128
127
-104
-128
-119
-128
-128
-128
-113
-114
-73
-111
43
-9
89
73
98
96
99
99
94
97
89
90
89
89
12
70
-84
-47
-115
-106
-122
-121
-119
-123
-114
-118
-113
-114
-74
-112
42
-9
89
72
98
96
99
99
94
97
89
90
89
88
13
71
-84
-46
-114
-106
-121
-121
-120
-123
-114
-119
-112
-114
-77
-111
40
-13
89
72
99
97
100
100
94
97
89
90
88
88
13
71
-84
-46
-115
-106
-121
-121
-120
-123
-114
-119
-112
-114
-75
-111
42
-10
88
72
97
95
99
99
94
97
89
90
89
88
13
72
-84
-46
-115
-106
-122
-121
-120
-124
-114
-119
-113
-114
-76
-111
41
-11
89
72
98
96
99
100
94
97
89
90
89
88
14
71
-84
-46
-115
-106
-121
-121
-120
-124
-114
-119
-112
-114
-75
-111
42
-10
89
72
98
96
99
99
94
97
89
90
89
88
15
72
-83
-45
-115
-105
-122
-121
-119
-124
-114
-119
-113
-114
-76
-111
41
-12
89
72
99
96
100
100
95
97
88
90
88
88
14
71
-84
-46
-115
-105
-122
-121
-120
-124
-114
-119
-113
-115
-76
-111
41
-11
88
72
98
96
99
99
94
97
89
90
89
89
14
72
-83
-46
-115
-106
-121
-121
-120
-124
-114
-119
-113
-115
-75
-112
41
-11
89
72
98
96
99
99
95
97
89
90
89
88
13
71
-84
-47
-114
-106
-122
-121
-120
-124
-114
-119
-113
-115
-74
-111
42
-10
89
73
99
96
99
99
95
98
89
91
90
89
13
71
-84
-47
-115
-106
-122
-121
-120
-124
-114
-118
-113
-115
-75
-111
42
-11
90
73
99
97
100
100
94
98
89
90
88
88
10
69
-85
-48
-115
-107
-121
-121
-120
-124
-114
-118
-113
-115
-72
-112
44
-7
89
73
98
95
99
100
95
98
89
91
89
89
9
69
-85
-49
-116
-107
-122
-121
-120
-124
-114
-118
-113
-115
-71
-111
44
-6
90
74
99
96
99
100
94
97
89
90
89
89
8
68
-86
-50
-116
-107
-122
-121
-120
-124
-114
-118
-113
-115
-69
-111
45
-5
90
75
99
96
99
100
94
97
89
90
89
88
8
68
-86
-50
-116
-107
-122
-121
-120
-124
-114
-118
-113
-115
-69
-110
46
-4
91
75
100
97
99
100
94
97
89
90
89
89
5
66
-87
-51
-116
-108
-122
-122
-120
-124
-114
-119
-113
-115
-66
-110
47
-2
90
75
99
96
98
100
94
97
89
90
89
88
5
66
-88
-53
-116
-108
-123
-122
-120
-124
-114
-119
-113
-115
-66
-110
47
-1
90
75
99
97
99
99
94
97
89
90
89
88
3
64
-89
-54
-116
-108
-123
-122
-120
-123
-114
-119
-113
-115
-65
-110
48
0
91
76
99
97
99
100
95
97
90
91
89
89
2
64
-89
-54
-117
-109
-122
-122
-121
-123
-114
-118
-113
-115
-65
-110
48
0
92
76
100
98
99
100
94
98
89
90
89
88
0
62
-90
-56
-117
-110
-123
-122
-120
-124
-114
-118
-113
-115
-62
-109
50
3
91
77
99
97
98
100
93
97
90
90
89
89
0
62
-89
-55
-117
-110
-123
-122
-120
-124
-114
-118
-113
-115
-61
-108
50
3
91
77
98
97
99
100
94
97
89
90
-123
-122
-120
-123
-114
-118
-113
-115
-58
-107
52
6
91
78
98
97
99
99
93
97
89
90
89
89
-3
59
-91
-58
-117
-110
-123
-122
-120
-124
-114
-118
-113
-115
-61
-109
52
4
92
78
100
98
99
100
93
97
89
89
88
88
-3
59
-91
-58
-117
-110
-123
-122
-121
-123
-114
-118
-113
-115
-59
-108
51
5
91
77
99
97
99
100
94
97
89
90
89
88
-2
60
-91
-58
-117
-110
-122
-122
-120
-123
-114
-118
-113
-115
-60
-109
51
4
92
77
99
97
99
100
94
97
89
89
89
88
-2
60
-90
-57
-117
-110
-123
-122
-120
-124
-115
-118
-113
-115
-60
-108
51
4
91
77
98
97
99
99
94
97
89
90
89
88
-1
61
-90
-56
-116
-110
-122
-122
-120
-124
-114
-118
-113
-114
-64
-109
50
1
92
77
99
98
99
100
94
97
88
89
88
88
-1
61
-90
-56
-117
-109
-122
-122
-120
-124
-114
-118
-113
-115
-62
-109
51
2
91
77
98
97
98
99
93
97
89
90
89
89
1
63
-89
-55
-116
-109
-123
-122
-120
-124
-114
-118
-113
-115
-64
-109
48
1
91
76
98
97
99
99
94
97
89
90
89
88
2
63
-89
-54
-117
-109
-122
-122
-120
-124
-114
-118
-113
-115
-65
-110
48
0
90
75
98
96
98
99
94
97
89
90
89
88
3
64
-89
-54
-116
-109
-122
-122
-120
-124
-114
-119
-113
-115
-67
-110
47
-2
91
76
99
97
100
100
93
97
89
90
88
87
3
65
-88
-53
-116
-108
-122
-123
-120
-124
-114
-119
-113
-115
-67
-111
47
-2
90
75
99
96
99
99
94
97
89
90
89
89
5
66
-88
-51
-116
-108
-122
-122
-120
-124
-114
-119
-113
-115
-68
-111
46
-3
90
75
98
97
99
99
94
97
89
90
88
88
6
66
-87
-52
-116
-108
-122
-122
-120
-124
-115
-118
-113
-115
-68
-111
46
-4
90
74
99
96
99
99
94
98
89
91
90
89
7
68
-86
-51
-116
-108
-122
-121
-120
-124
-114
-118
-113
-114
-71
-111
45
-6
90
75
99
97
100
100
94
97
89
90
89
88
8
68
-87
-50
-115
-107
-122
-121
-120
-123
-114
-119
-113
-115
-70
-111
44
-6
89
73
98
96
99
99
95
97
89
90
89
89
9
68
-86
-49
-116
-108
-122
-122
-120
-124
-114
-119
-113
-114
-70
-111
44
-6
90
73
98
96
99
100
94
97
89
90
89
88
10
69
-86
-49
-116
-107
-122
-121
-119
-124
-114
-119
-113
-115
-71
-111
44
-7
89
74
98
96
99
99
94
97
89
90
90
89
10
70
-85
-48
-116
-107
-122
-121
-121
-124
-114
-119
-113
-114
-74
-111
43
-9
90
73
100
97
100
101
95
97
88
90
89
88
11
70
-85
-48
-116
-107
-122
-122
-120
-124
-115
-119
-113
-115
-73
-112
43
-9
89
73
98
96
99
99
94
97
89
90
89
88
12
71
-84
-47
-116
-106
-122
-121
-121
-124
-114
-119
-113
-115
-74
-112
42
-9
89
73
98
97
99
100
95
98
89
90
89
89
12
71
-85
-47
-115
-106
-122
-122
-120
-124
-114
-119
-113
-115
-74
-112
42
-10
89
72
98
96
99
99
95
97
89
91
90
89
14
72
-84
-46
-115
-106
-122
-121
-120
-124
-115
-119
-113
-115
-77
-112
41
-12
90
72
99
98
100
100
95
97
89
90
89
88
15
72
-83
-45
-115
-106
-122
-121
-120
-124
-114
-119
-113
-115
-76
-112
41
-11
89
72
98
96
99
99
95
98
89
91
89
88
16
73
-83
-44
-115
-106
-122
-122
-120
-124
-114
-120
-114
-115
-77
-112
40
-13
89
72
98
96
100
100
95
97
89
91
90
89
17
74
-83
-44
-115
-106
-122
-121
-120
-124
-114
-119
-113
-115
-77
-112
41
-12
89
72
98
96
99
99
94
97
89
91
89
88
17
74
-82
-43
-115
-105
-122
-121
-120
-124
-114
-120
-113
-114
-80
-112
39
-15
90
72
99
97
100
101
95
98
89
91
89
88
16
72
-83
-44
-115
-106
-123
-121
-120
-125
-114
-119
-113
-115
-78
-112
40
-12
89
72
98
96
100
99
94
98
89
91
89
88
16
74
-83
-44
-115
-105
-122
-121
-120
-124
-114
-119
-113
-115
-78
-112
41
-13
88
72
98
97
100
99
94
98
90
91
89
88
16
73
-83
-44
-115
-106
-122
-122
-120
-124
-114
-119
-113
-115
-78
-112
41
-12
89
72
98
96
99
99
95
97
89
91
89
89
17
73
-83
-43
-115
-106
-122
-121
-121
-124
-115
-119
-113
-114
-80
-112
39
-16
90
72
100
97
100
100
95
98
89
91
89
88
18
74
-82
-43
-115
-105
-122
-121
-121
-124
-114
-119
-113
-114
-79
-112
39
-13
88
71
98
95
99
99
95
97
90
91
89
89
17
75
-83
-43
-115
-106
-122
-121
-121
-124
-114
-119
-113
-115
-80
-112
39
-14
88
71
99
96
100
100
95
97
90
92
89
89
17
73
-83
-44
-115
-106
-122
-121
-120
-124
-115
-119
-113
-115
-77
-112
40
-13
88
72
98
96
99
99
95
97
89
91
89
89
17
74
-83
-44
-115
-105
-122
-121
-120
-124
-114
-119
-113
-115
-80
-112
95
97
89
91
89
88
24
76
-80
-38
-114
-104
-122
-121
-121
-124
-115
-120
-113
-115
-84
-113
35
-20
87
69
98
95
99
99
95
98
89
92
90
89
24
78
-79
-37
-114
-104
-122
-121
-121
-124
-115
-120
-113
-115
-86
-113
35
-21
88
69
99
95
100
100
96
98
90
91
89
89
25
78
-79
-36
-114
-103
-122
-121
-121
-124
-115
-120
-114
-115
-86
-113
34
-22
87
68
98
95
100
100
96
98
90
92
90
89
27
78
-78
-35
-114
-103
-122
-121
-121
-125
-115
-119
-113
-114
-89
-113
32
-26
87
68
99
96
101
100
96
99
89
92
90
89
28
80
-78
-34
-113
-103
-123
-121
-121
-125
-115
-120
-114
-116
-89
-113
32
-26
87
67
98
95
100
99
96
98
89
92
90
89
31
80
-76
-31
-114
-102
-122
-121
-121
-126
-115
-120
-114
-116
-91
-114
30
-28
86
66
98
95
100
100
96
99
90
92
90
90
32
81
-76
-31
-113
-102
-122
-121
-121
-125
-116
-120
-114
-116
-91
-113
29
-29
86
66
98
95
99
99
96
98
90
92
90
89
34
82
-74
-29
-113
-101
-121
-120
-121
-125
-115
-121
-113
-116
-94
-113
26
-33
86
64
99
96
101
100
96
99
89
91
89
88
37
82
-72
-27
-113
-101
-122
-121
-121
-124
-116
-120
-114
-115
-95
-114
26
-34
85
63
98
94
99
99
96
99
90
92
89
89
39
84
-71
-25
-113
-100
-121
-120
-121
-125
-116
-120
-113
-115
-96
-114
24
-36
84
62
98
94
100
100
97
99
90
93
90
89
40
84
-70
-24
-113
-99
-122
-120
-121
-125
-116
-121
-114
-115
-96
-114
24
-37
84
62
98
94
100
100
96
98
90
93
89
89
41
85
-70
-23
-113
-99
-121
-120
-121
-125
-116
-120
-114
-115
-99
-114
21
-42
85
60
99
95
100
100
96
99
90
92
89
89
43
84
-69
-21
-112
-98
-122
-120
-121
-125
-116
-121
-114
-115
-99
-114
21
-41
84
60
97
94
100
99
96
99
90
93
89
89
45
85
-68
-19
-112
-97
-122
-120
-121
-125
-116
-120
-115
-115
-100
-114
20
-44
84
59
98
94
100
99
96
99
90
93
89
89
45
86
-68
-19
-112
-98
-121
-120
-121
-125
-116
-121
-114
-115
-101
-114
19
-44
83
59
97
93
100
99
96
98
90
93
89
89
47
87
-66
-17
-111
-97
-121
-120
-122
-125
-117
-121
-114
-114
-102
-114
16
-48
83
58
98
95
100
99
97
99
89
93
89
89
48
85
-66
-16
-111
-97
-122
-119
-122
-125
-116
-121
-114
-115
-102
-114
16
-47
82
58
98
93
99
99
97
99
90
93
89
90
50
86
-65
-15
-111
-96
-121
-120
-121
-124
-116
-121
-115
-116
-102
-115
16
-48
82
57
97
93
100
100
96
98
90
93
89
89
50
86
-65
-14
-111
-96
-121
-120
-121
-125
-117
-121
-114
-115
-103
-115
15
-49
82
57
97
93
100
99
96
99
89
93
89
89
53
88
-63
-12
-111
-95
-121
-120
-122
-125
-116
-121
-113
-115
-105
-113
11
-53
82
56
99
93
101
100
97
100
90
93
89
88
53
87
-63
-11
-110
-94
-121
-119
-122
-125
-116
-121
-114
-115
-104
-114
12
-53
81
56
98
92
100
98
96
99
90
94
89
89
54
87
-61
-9
-111
-93
-121
-120
-122
-124
-117
-121
-114
-115
-105
-115
11
-54
80
55
97
93
100
99
96
98
91
95
89
88
55
88
-61
-9
-110
-94
-121
-119
-122
-125
-117
-122
-115
-115
-106
-114
8
-55
76
52
91
85
94
93
95
95
94
95
94
94
58
92
-59
-7
-110
-93
-120
-118
-121
-124
-116
-121
-114
-115
-105
-113
9
-56
81
55
98
93
100
99
97
99
90
93
89
88
57
88
-59
-6
-110
-93
-121
-119
-122
-124
-116
-121
-114
-115
-107
-114
7
-59
79
53
96
91
97
97
94
96
89
92
89
87
58
89
-59
-5
-109
-92
-121
-118
-122
-124
-116
-121
-115
-115
-107
-115
8
-57
79
53
97
92
99
98
95
98
90
92
89
89
59
88
-58
-4
-109
-92
-121
-118
-121
-124
-116
-122
-114
-115
-107
-113
6
-60
78
52
96
91
98
98
97
98
90
95
89
87
61
88
-57
-3
-109
-91
-121
-119
-122
-124
-117
-121
-114
-115
-108
-113
1
-65
78
49
98
92
101
101
98
101
90
95
88
88
62
87
-55
0
-108
-90
-121
-118
-122
-124
-117
-121
-114
-115
-108
-114
3
-63
77
50
97
91
99
99
97
99
90
93
89
89
63
89
-54
0
-108
-90
-121
-118
-122
-124
-117
-122
-114
-115
-108
-113
2
-65
78
51
97
91
100
99
97
99
91
94
90
89
63
88
-55
1
-109
-90
-121
-118
-122
-124
-117
-121
-114
-115
-109
-114
3
-64
77
50
98
91
100
99
97
100
90
95
90
89
64
89
-54
2
-108
-89
-120
-118
-122
-124
-117
-121
-114
-116
-109
-114
-1
-68
78
48
98
91
101
101
97
100
90
95
89
88
65
88
-52
4
-108
-89
-121
-118
-121
-124
-118
-122
-115
-116
-110
-116
-1
-67
77
47
97
91
100
99
97
100
91
94
89
89
67
88
-52
6
-90
65
30
93
84
98
97
97
98
91
95
88
88
81
87
-28
34
-99
-74
-117
-112
-121
-121
-117
-121
-112
-115
-111
-113
-30
-92
64
27
93
84
98
97
96
99
91
95
89
87
82
88
-28
35
-99
-73
-117
-112
-121
-121
-117
-121
-113
-115
-111
-113
-30
-93
65
28
93
84
98
98
98
99
92
95
89
89
84
88
-25
38
-98
-72
-118
-112
-121
-122
-117
-122
-113
-115
-112
-112
-35
-96
64
24
95
84
100
99
98
100
93
96
89
88
84
88
-24
39
-98
-72
-117
-112
-122
-122
-118
-122
-113
-115
-112
-113
-35
-95
63
24
94
83
99
98
98
100
92
96
90
89
85
89
-23
41
-98
-71
-118
-112
-122
-122
-119
-122
-113
-116
-112
-114
-36
-96
63
24
94
83
99
99
99
100
93
96
89
90
85
88
-23
41
-98
-71
-119
-113
-122
-122
-119
-122
-114
-116
-113
-114
-36
-97
63
24
94
84
99
98
99
100
93
97
90
90
86
89
-22
42
-98
-71
-118
-113
-122
-122
-119
-122
-114
-117
-112
-114
-39
-98
62
22
95
84
100
100
99
101
93
96
90
89
85
89
-21
43
-98
-70
-118
-113
-123
-123
-119
-123
-114
-117
-113
-114
-40
-100
61
21
94
83
99
98
99
100
93
97
90
90
87
90
-19
45
-97
-69
-118
-113
-123
-124
-119
-123
-114
-117
-114
-114
-42
-101
61
19
94
83
99
99
99
101
94
97
90
90
87
90
-18
46
-97
-69
-119
-112
-123
-123
-119
-124
-115
-117
-114
-115
-42
-101
60
19
93
83
100
98
99
100
94
97
90
90
88
89
-17
48
-97
-68
-118
-112
-123
-123
-119
-123
-114
-118
-113
-114
-48
-104
59
16
95
82
101
100
100
101
94
97
89
90
87
89
-14
50
-95
-66
-119
-112
-123
-123
-120
-123
-114
-117
-113
-115
-49
-104
58
15
93
81
100
98
99
100
94
97
90
90
88
90
-11
53
-95
-64
-118
-112
-123
-123
-120
-123
-115
-118
-113
-115
-51
-106
57
12
93
80
100
98
100
101
94
97
90
90
89
89
-10
55
-94
-64
-118
-112
-123
-123
-120
-125
-115
-118
-114
-115
-52
-106
56
11
93
80
99
98
99
100
95
98
90
91
89
89
-7
56
-94
-62
-118
-112
-123
-123
-120
-124
-115
-118
-113
-115
-58
-108
53
7
93
79
100
99
100
101
94
97
90
90
89
89
-5
58
-92
-59
-118
-110
-124
-122
-121
-124
-115
-119
-113
-115
-60
-109
52
5
92
78
99
97
99
100
94
97
90
90
89
89
-1
61
-91
-57
-117
-110
-123
-122
-120
-124
-115
-119
-113
-115
-63
-110
50
2
91
77
100
98
99
99
94
97
89
90
89
89
2
64
-89
-54
-117
-110
-123
-123
-121
-124
-115
-119
-113
-115
-66
-110
48
-1
91
76
99
97
100
100
94
97
89
91
89
89
6
66
-88
-52
-116
-109
-123
-122
-120
-125
-115
-119
-113
-115
-72
-111
45
-7
91
75
100
97
100
101
95
98
89
90
89
88
9
69
-86
-49
-117
-108
-122
-122
-120
-124
-115
-119
-113
-115
-74
-112
43
-8
89
73
98
96
99
99
95
97
89
91
89
89
14
72
-84
-47
-116
-107
-123
-121
-120
-125
-115
-119
-113
-114
-78
-112
40
-13
88
72
98
96
99
99
95
97
89
91
89
89
16
72
-83
-43
-116
-106
-122
-121
-120
-125
-115
-120
-114
-115
-80
-113
39
-15
87
71
97
95
99
99
95
97
89
91
89
89
22
75
-81
-40
-115
-105
-122
-121
-121
-124
-115
-119
-113
-115
-86
-112
34
-22
87
68
98
96
100
99
95
97
88
90
88
88
26
78
-78
-35
-114
-103
-121
-121
-121
-124
-115
-120
-113
-114
-89
-113
32
-25
86
66
97
94
98
99
95
97
89
91
89
88
31
80
-75
-31
-113
-101
-121
-120
-121
-124
-115
-120
-114
-115
-92
-114
28
-30
85
65
97
94
99
98
95
97
89
92
89
88
35
81
-73
-28
-113
-100
-122
-120
-121
-124
-115
-120
-114
-115
-94
-113
25
-34
85
63
97
93
99
98
95
98
89
92
89
89
40
83
-70
-24
-112
-98
-121
-120
-121
-124
-115
-121
-113
-114
-99
-113
20
-42
84
60
98
94
100
99
95
98
89
92
88
88
44
84
-68
-20
-111
-97
-121
-119
-121
-124
-115
-120
-113
-115
-100
-114
18
-45
82
59
97
92
99
98
96
98
90
92
88
88
49
86
-65
-16
-111
-96
-121
-119
-121
-124
-116
-120
-114
-114
-102
-113
14
-50
81
56
97
92
99
98
96
98
90
93
89
88
52
86
-62
-12
-110
-94
-120
-119
-121
-124
-116
-121
-114
-114
-104
-113
11
-53
80
55
97
91
99
99
96
98
89
93
89
89
56
86
-60
-7
-109
-93
-121
-118
-121
-124
-116
-121
-113
-115
-106
-113
6
-58
79
52
98
92
100
99
96
99
90
93
88
88
59
86
-57
-3
-109
-92
-120
-118
-122
-124
-117
-121
-113
-115
-106
-113
4
-61
78
51
96
90
99
98
96
98
89
93
88
88
62
88
-54
0
-107
-89
-120
-117
-122
-124
-116
-121
-114
-115
-109
-113
0
-67
76
48
96
90
99
98
97
89
88
68
89
-49
8
-106
-87
-120
-117
-122
-123
-117
-121
-113
-115
-110
-113
-8
-74
74
43
97
91
100
99
97
100
90
94
89
88
70
88
-46
12
-106
-85
-119
-117
-122
-124
-117
-121
-114
-115
-111
-114
-10
-77
72
41
95
88
99
98
97
100
91
94
89
88
72
89
-43
16
-104
-84
-119
-116
-122
-123
-118
-121
-114
-115
-111
-113
-12
-80
71
40
96
88
99
98
97
99
91
95
89
89
75
88
-41
18
-105
-83
-120
-115
-122
-123
-118
-122
-114
-115
-111
-114
-16
-81
71
38
95
88
99
98
97
100
91
95
90
88
78
89
-38
22
-103
-81
-119
-115
-122
-123
-118
-122
-114
-115
-111
-113
-20
-86
69
36
96
88
100
99
98
100
92
95
89
88
78
88
-36
26
-103
-80
-119
-115
-123
-124
-118
-121
-113
-116
-113
-114
-23
-88
68
34
94
86
99
98
98
100
92
95
90
89
81
89
-34
29
-102
-78
-119
-115
-122
-123
-119
-122
-114
-117
-112
-114
-25
-90
67
32
95
86
99
98
98
100
92
96
89
89
82
89
-32
31
-101
-77
-119
-115
-123
-123
-118
-122
-114
-116
-113
-114
-27
-91
67
31
95
85
99
98
98
100
92
96
90
89
82
89
-30
33
-101
-76
-119
-114
-122
-123
-119
-122
-113
-116
-112
-114
-31
-93
65
28
95
86
100
100
99
100
92
96
89
89
83
88
-29
35
-100
-75
-119
-114
-123
-124
-119
-122
-115
-117
-113
-115
-31
-94
64
27
95
85
100
98
99
100
92
96
90
89
84
89
-27
37
-100
-74
-119
-114
-123
-123
-119
-122
-114
-117
-113
-114
-33
-95
64
26
94
84
100
99
98
100
93
96
90
89
84
89
-26
37
-100
-73
-119
-114
-123
-123
-119
-123
-115
-117
-113
-114
-34
-96
64
26
94
84
99
98
98
100
92
96
90
89
84
90
-24
41
-99
-72
-119
-114
-123
-123
-119
-122
-114
-117
-113
-115
-38
-98
62
23
95
85
100
99
98
100
93
96
89
88
85
88
-23
41
-98
-71
-119
-114
-123
-123
-119
-123
-114
-117
-113
-115
-38
-99
62
23
94
83
99
98
98
100
93
96
90
89
86
89
-21
43
-98
-70
-119
-113
-123
-123
-120
-123
-114
-117
-113
-115
-41
-100
61
20
94
83
99
98
98
100
93
96
89
89
86
89
-20
44
-97
-70
-118
-113
-123
-123
-120
-124
-114
-117
-113
-114
-40
-100
61
20
93
83
99
98
99
100
93
97
89
89
87
89
-19
46
-97
-69
-118
-112
-123
-123
-120
-123
-114
-118
-113
-114
-45
-103
59
17
94
83
100
99
99
101
93
97
89
90
87
88
-17
48
-97
-68
-118
-112
-123
-123
-119
-123
-114
-117
-113
-115
-46
-103
59
16
93
81
99
98
99
100
93
97
90
89
88
89
-15
49
-96
-67
-118
-112
-123
-123
-120
-123
-115
-117
-113
-115
-47
-103
58
16
93
81
99
98
99
100
93
97
89
89
87
89
-14
50
-95
-66
-118
-112
-123
-123
-120
-124
-114
-118
-113
-115
-48
-104
58
16
92
80
99
97
98
99
93
96
90
90
88
89
-12
53
-94
-64
-118
-112
-123
-123
-120
-124
-114
-118
-113
-115
-53
-105
55
11
93
80
99
98
99
100
94
96
89
89
87
88
-10
54
-95
-64
-118
-112
-123
-123
-120
-124
-115
-118
-113
-115
-53
-106
56
10
91
79
99
97
98
99
93
97
89
89
88
89
-8
56
-93
-62
-118
-111
-123
-123
-120
-124
-115
-119
-113
-115
-55
-108
54
8
92
78
99
97
99
99
93
96
89
89
88
88
-6
57
-93
-60
-118
-111
-124
-123
-120
-124
-115
-118
-113
-115
-56
-108
53
8
92
79
98
98
99
100
94
97
89
89
89
89
-4
59
-92
-59
-117
-111
-123
-123
-121
-124
-114
-118
-112
-115
-61
-109
51
3
92
78
100
98
99
100
94
97
89
90
89
88
-3
60
-91
-57
-117
-110
-123
-122
-120
-124
-115
-118
-113
-115
-61
-109
50
3
90
77
98
97
99
99
94
97
90
90
89
88
0
63
-90
-55
-117
-110
-123
-122
-120
-124
-114
-118
-113
-115
-64
-110
49
0
91
75
99
97
99
100
94
97
89
90
89
88
2
64
-89
-54
-117
-109
-123
-122
-121
-124
-114
-119
-113
-115
-65
-110
48
0
90
75
99
96
99
99
94
97
89
90
89
88
6
66
-87
-52
-116
-108
-123
-122
-120
-124
-115
-119
-113
-114
-70
-111
46
-5
91
75
100
97
100
100
94
97
89
90
89
88
9
68
-86
-49
-116
-108
-123
-122
-120
-125
-115
-119
-113
-116
-73
-112
43
-8
89
72
98
96
99
99
94
97
89
90
89
88
13
71
-84
-46
-115
-107
-122
-121
-120
-124
-115
-119
-113
-115
-76
-112
41
-12
90
72
98
96
99
99
94
97
89
91
89
88
15
72
-83
-45
-115
-106
-122
-122
-121
-125
-114
-119
-113
-116
-79
-112
40
-13
88
71
98
96
99
99
95
97
89
91
90
89
19
75
-81
-41
-115
-105
-122
-121
-120
-124
-114
-119
-113
-115
-84
-113
36
-19
89
70
99
97
100
100
95
97
88
91
89
87
24
76
-80
-38
-114
-104
100
98
101
91
95
90
89
75
88
-41
20
-105
-83
-120
-116
-123
-124
-118
-122
-114
-116
-112
-114
-16
-84
71
38
95
88
99
99
97
100
92
96
90
89
77
90
-38
23
-103
-82
-120
-116
-123
-124
-118
-122
-114
-116
-112
-114
-20
-86
69
36
95
87
100
99
98
100
92
96
90
89
78
89
-36
25
-103
-80
-120
-116
-123
-123
-119
-122
-114
-117
-113
-115
-21
-87
69
35
96
87
99
99
98
100
92
96
89
89
80
89
-33
29
-102
-78
-119
-115
-123
-124
-118
-123
-114
-116
-112
-114
-28
-91
67
30
96
87
100
100
98
100
92
96
89
89
82
88
-30
33
-102
-76
-119
-115
-123
-124
-119
-123
-114
-117
-113
-115
-29
-93
65
29
94
85
99
98
98
99
93
96
90
90
84
89
-27
36
-100
-74
-119
-115
-123
-124
-119
-123
-114
-117
-113
-114
-33
-95
65
26
94
84
99
98
98
100
92
96
90
89
84
88
-25
39
-99
-73
-119
-114
-123
-123
-119
-123
-114
-117
-113
-115
-35
-97
63
25
94
84
99
98
98
100
93
96
90
89
86
89
-22
42
-98
-71
-119
-114
-123
-124
-119
-123
-114
-117
-112
-115
-41
-100
61
20
95
83
100
99
99
101
92
96
89
89
86
88
-19
45
-97
-69
-118
-113
-123
-123
-120
-124
-115
-117
-113
-116
-44
-102
59
18
93
81
99
98
99
100
93
96
90
90
87
89
-15
49
-96
-67
-118
-112
-123
-123
-120
-123
-115
-117
-113
-115
-48
-103
58
16
94
81
99
98
99
100
94
96
89
89
88
89
-13
51
-95
-66
-118
-112
-123
-123
-120
-123
-115
-117
-113
-116
-49
-105
57
13
93
80
99
98
99
100
94
97
90
90
88
89
-10
54
-94
-63
-117
-112
-123
-122
-120
-124
-114
-118
-112
-115
-55
-107
55
9
93
80
100
98
99
101
94
97
89
89
88
88
-6
57
-92
-61
-117
-111
-123
-123
-120
-124
-115
-119
-113
-115
-58
-109
52
7
92
78
98
97
99
99
94
97
90
89
89
89
-3
60
-91
-57
-117
-110
-123
-123
-120
-124
-114
-118
-113
-115
-61
-109
51
4
91
77
99
97
99
100
94
97
90
90
89
89
0
62
-90
-56
-117
-109
-123
-123
-120
-124
-114
-119
-113
-115
-64
-110
49
1
91
76
98
97
99
100
94
97
90
90
90
89
4
65
-88
-53
-117
-109
-123
-122
-121
-124
-115
-119
-113
-115
-70
-111
46
-5
91
75
100
98
100
101
94
97
89
90
89
88
8
68
-87
-50
-116
-108
-122
-122
-120
-124
-115
-119
-113
-115
-72
-113
44
-8
90
73
99
96
99
100
95
97
90
91
89
88
13
71
-85
-47
-116
-106
-122
-121
-120
-125
-115
-119
-113
-115
-77
-113
41
-12
90
72
99
96
100
100
95
97
90
91
90
89
17
73
-83
-44
-116
-106
-122
-122
-120
-124
-115
-120
-114
-115
-79
-113
39
-15
88
71
99
96
100
99
94
98
89
91
89
89
22
76
-81
-40
-115
-105
-122
-121
-121
-125
-115
-120
-113
-115
-86
-113
35
-21
88
69
99
97
100
100
95
98
89
91
90
88
26
78
-79
-36
-115
-104
-123
-122
-121
-125
-115
-120
-114
-116
-88
-114
32
-24
87
67
98
95
99
99
95
98
90
92
89
89
30
80
-76
-32
-114
-103
-122
-121
-121
-124
-116
-121
-114
-116
-91
-114
29
-28
86
66
99
95
99
99
96
98
90
92
89
90
34
81
-74
-29
-114
-102
-122
-121
-121
-125
-116
-120
-114
-116
-94
-115
27
-32
85
64
98
95
99
99
96
98
90
92
89
89
39
84
-71
-24
-113
-100
-122
-121
-121
-124
-116
-121
-114
-115
-98
-114
22
-40
85
62
99
95
101
100
96
99
90
92
88
89
44
84
-68
-20
-112
-98
-122
-121
-121
-126
-116
-121
-114
-115
-101
-114
19
-44
83
59
98
93
100
99
95
99
90
93
89
89
49
87
-65
-15
-111
-96
-121
-120
-121
-124
-117
-122
-114
-115
-103
-114
14
-50
81
57
98
93
100
99
97
99
90
93
89
89
53
87
-63
-12
-111
-95
-121
-119
-123
-125
-117
-121
-115
-116
-105
-114
11
-53
81
56
98
92
100
99
97
99
91
94
90
89
57
88
-60
-6
-110
-93
-122
-119
-123
-125
-117
-122
-114
-115
-107
-114
6
-61
79
52
98
92
100
100
97
99
90
94
89
88
60
88
-56
-3
-110
-91
-121
-119
-123
-125
-117
-122
-114
-116
-108
-113
2
-63
78
50
96
91
99
99
97
99
91
94
89
89
65
89
-53
2
-108
-90
-121
-119
-123
-124
-117
-122
-115
-116
-110
-114
-1
-68
76
47
97
91
100
99
97
100
91
94
89
89
67
89
-50
6
-108
-88
-121
-118
-123
-125
-117
-122
-114
-116
-111
-115
-4
-71
75
46
95
89
98
98
97
99
91
94
89
89
70
88
-47
12
-106
-86
-120
-117
-123
-124
-119
-122
-114
-116
-111
-114
-14
-80
71
40
96
89
98
99
96
99
89
92
87
86
72
87
-44
16
-105
-84
-120
-116
-123
-124
-118
-122
-114
-116
-111
-114
-16
-82
70
38
94
87
98
97
97
98
90
94
-114
-115
-104
77
87
-37
25
-103
-81
-119
-115
-122
-123
-118
-121
-114
-115
-112
-114
-21
-87
68
34
94
86
98
98
97
98
91
95
89
88
80
88
-33
29
-101
-78
-119
-115
-122
-124
-119
-122
-114
-116
-111
-113
-28
-91
67
29
95
85
99
99
97
100
91
95
88
87
81
87
-31
33
-101
-76
-119
-114
-123
-123
-118
-122
-114
-115
-112
-114
-31
-93
65
28
93
84
98
97
98
99
91
95
89
88
83
89
-26
37
-99
-73
-118
-113
-122
-123
-119
-122
-114
-116
-112
-114
-34
-95
63
25
94
83
98
98
97
99
92
95
89
88
84
88
-23
40
-98
-72
-118
-112
-122
-123
-118
-122
-113
-117
-112
-114
-39
-97
59
20
87
78
93
91
94
93
94
95
94
92
88
94
-21
44
-97
-70
-117
-112
-122
-122
-118
-122
-114
-116
-111
-114
-43
-100
61
20
94
82
99
99
98
99
92
96
89
88
86
88
-15
48
-96
-67
-117
-112
-122
-122
-118
-123
-114
-116
-112
-114
-48
-103
58
15
92
80
96
96
96
96
92
94
88
87
88
88
-12
51
-94
-65
-117
-111
-122
-122
-119
-122
-113
-116
-114
-115
-49
-105
57
14
92
80
97
96
97
98
91
94
89
88
88
88
-10
54
-93
-64
-117
-110
-122
-121
-118
-123
-114
-116
-113
-115
-53
-105
54
10
91
78
97
96
97
98
94
97
88
89
88
88
-6
57
-91
-59
-116
-110
-122
-121
-119
-122
-114
-117
-112
-114
-59
-108
52
4
92
78
99
98
99
100
93
96
88
89
88
87
-1
60
-90
-56
-116
-109
-122
-121
-119
-123
-114
-117
-113
-114
-61
-109
50
3
91
76
99
97
98
99
94
96
89
90
89
88
2
63
-88
-54
-116
-108
-122
-122
-120
-123
-113
-118
-113
-115
-66
-109
48
-1
91
76
98
97
99
99
94
97
89
90
89
88
6
66
-87
-52
-116
-108
-122
-121
-119
-124
-114
-117
-112
-115
-68
-110
47
-3
90
75
99
97
99
99
94
97
89
90
89
88
10
69
-86
-49
-115
-107
-121
-121
-120
-124
-114
-119
-112
-114
-76
-111
42
-11
90
73
100
98
101
101
96
98
89
91
89
88
13
71
-84
-46
-115
-106
-121
-121
-120
-124
-115
-118
-114
-115
-75
-113
42
-9
89
72
99
96
99
99
94
97
90
91
89
89
17
74
-83
-43
-115
-105
-122
-121
-120
-124
-114
-119
-111
-113
-81
-112
38
-16
87
70
98
96
100
100
94
98
89
90
100
101
99
99
97
96
94
93
91
89
88
88
88
88
88
82
66
38
7
-23
-48
-70
-86
-98
-105
-112
-115
-119
-119
-122
-122
-124
-122
-122
-120
-120
-116
-116
-114
-115
-113
-114
-112
-114
-109
-96
-67
-38
-7
20
43
58
73
81
88
92
95
97
98
99
98
99
98
98
96
95
94
93
91
89
89
89
89
88
88
84
69
43
12
-18
-44
-67
-83
-96
-104
-111
-115
-119
-119
-122
-121
-124
-122
-124
-120
-120
-117
-118
-114
-116
-114
-114
-112
-114
-111
-100
-76
-43
-12
16
39
56
71
80
88
92
95
97
98
98
98
100
99
99
97
96
95
93
91
89
89
89
89
88
89
86
73
46
18
-14
-39
-64
-81
-93
-103
-111
-114
-119
-119
-123
-122
-124
-122
-123
-120
-121
-118
-116
-114
-116
-113
-114
-113
-114
-111
-102
-79
-48
-16
13
36
55
68
78
87
92
94
97
97
98
98
99
99
99
97
96
95
93
90
89
89
89
89
89
89
86
75
53
23
-9
-36
-61
-78
-91
-102
-110
-113
-118
-119
-122
-121
-124
-122
-124
-120
-121
-118
-118
-114
-114
-113
-114
-113
-113
-112
-106
-86
-56
-24
6
31
50
66
78
86
91
94
97
98
100
100
100
99
99
97
96
94
93
91
89
89
88
88
88
88
87
79
58
29
-3
-30
-56
-75
-90
-100
-108
-113
-118
-119
-122
-121
-124
-122
-124
-120
-122
-118
-119
-115
-116
-114
-115
-113
-114
-113
-108
-88
-62
-28
2
28
48
64
75
84
90
93
96
98
98
98
99
99
99
97
96
95
93
92
90
90
89
89
88
89
88
81
62
35
3
-68
-1
74
-65
-113
-121
-124
110
106
2
42
39
-101
61
-94
99
-115
-49
10
0
-116
114
36
104
54
-125
-52
-17
-72
127
-100
-58
93
-83
1
-128
-121
-128
-97
-112
60
-21
95
-27
-113
-128
107
-88
-110
125
124
-122
-67
76
-67
-16
-69
-121
95
-34
-55
-72
-122
115
-74
-36
10
65
110
-29
120
81
104
81
-121
-72
-67
-96
99
-113
-116
-1
-71
126
73
-29
-75
-117
65
-99
-99
17
15
81
-93
-68
35
-107
52
24
-70
34
83
-30
-121
-65
-112
-65
-101
-125
-104
-65
-116
-72
-91
110
-80
77
-19
-16
104
-127
-8
98
-39
5
120
2
-121
-98
122
-7
-18
-125
-16
-65
-4
-46
37
25
94
66
77
-88
-17
72
-39
115
62
81
10
-20
120
-121
-54
-63
-66
-90
-47
-115
-68
-60
-63
-120
-30
-2
72
-83
-122
-90
-112
19
-125
39
85
89
82
-80
-60
-33
-59
113
-68
31
40
127
-32
-123
-65
-4
-128
34
88
-15
-69
34
43
115
-25
9
-21
-79
-7
-93
-38
-125
91
-59
102
-13
3
91
0
108
36
41
108
-45
37
-43
-43
-123
-74
-85
10
42
17
81
-44
-50
-38
123
-123
-123
112
127
68
-29
42
47
50
48
-35
46
83
-26
-91
88
-37
109
10
34
90
122
-62
106
-49
-61
83
-25
121
101
37
-124
42
-99
115
-83
90
68
53
-94
26
80
50
-42
36
75
87
17
115
-33
71
-89
0
-100
-40
45
123
6
-56
97
122
-61
38
26
-22
44
87
87
33
93
37
-39
51
91
94
-6
-23
-28
-123
-60
90
22
107
-81
-22
49
17
72
-76
69
-38
87
22
43
24
61
-53
34
-112
93
97
57
44
73
96
127
-79
115
-126
48
75
4
105
46
42
-43
106
-108
80
-43
10
42
42
43
70
-107
-40
-93
-47
88
24
105
-97
108
-38
-22
50
96
45
57
32
-43
-78
7
99
-104
-85
-127
-118
-61
43
65
-52
74
64
54
17
22
74
77
-82
39
-110
-40
-50
84
115
53
42
74
9
73
21
28
124
-99
-29
-13
-65
-85
-100
113
27
-67
126
79
18
-115
67
8
-29
41
-111
54
-92
42
-94
-105
-55
103
28
-126
84
-105
72
28
-128
26
56
-69
109
-11
61
-68
-110
-115
-48
77
106
-42
-30
86
-34
-79
-66
122
-4
-125
46
64
3
112
-65
-82
-12
95
-97
-126
-124
-44
-84
41
7
-93
34
85
-37
98
114
93
101
-83
75
9
-125
-49
-40
-127
23
-114
-96
-18
-29
92
-1
-65
-41
-23
75
-64
-78
-2
-112
-113
-97
-65
64
-112
-1
-125
-97
127
112
-65
-13
-128
-16
-76
-106
-109
114
7
19
117
-33
-99
34
40
127
-112
-81
65
-5
-11
127
71
-121
-128
-99
-65
-128
-113
-114
-127
-97
-1
-121
-56
112
60
-65
-121
-121
95
120
-4
-98
4
-126
0
-64
-65
-125
-81
54
99
43
-83
93
-118
-54
46
-38
-109
123
-29
88
24
125
-15
11
-105
51
-75
-93
-17
-103
119
120
89
80
-18
-104
-36
-2
123
-60
36
70
104
-17
-108
19
90
101
-9
-110
90
6
61
-124
51
124
-77
94
63
11
66
115
-122
-99
9
-126
-33
-22
-46
-100
47
-5
-93
115
-100
125
-16
-111
64
-94
-40
-128
-96
12
29
112
-16
103
84
70
-42
-76
72
87
117
100
-81
48
22
-119
68
-79
-62
15
-116
72
-118
14
104
-2
-127
127
-82
-74
95
-127
-80
-121
-69
96
-19
-68
-65
-101
106
-98
29
-38
-89
65
-128
-10
-103
112
-16
-41
11
55
90
74
54
17
51
36
-128
-34
-9
68
85
-121
36
86
-125
61
112
1
-125
-112
-95
-27
75
125
47
-127
-112
-93
-32
72
-87
-7
-120
94
-39
89
116
80
-56
79
-65
64
-28
40
-86
-121
-74
-126
-62
-102
71
-118
75
23
71
-110
-35
-71
-89
22
-16
-1
-121
-100
-121
95
-114
15
-125
-65
76
-30
-109
8
105
111
-115
85
-44
69
-11
-7
43
107
-91
-22
54
-51
87
-58
-39
-57
-31
127
-113
-64
65
-74
88
-65
-76
-25
-128
71
-117
120
100
-89
-105
119
-121
-96
-52
-46
-4
-45
59
-39
-81
-97
92
-68
-47
-1
-128
-37
37
53
6
-5
11
50
89
42
60
32
-91
112
45
86
9
50
-104
-128
-97
-125
-65
79
-125
51
68
0
-113
8
-122
-118
-5
114
-72
-81
-28
-12
-13
-29
127
60
66
15
-50
-104
81
-66
-107
-49
-58
-100
127
72
-4
115
1
-41
-91
20
113
-12
-34
9
49
-96
-72
125
-97
14
127
-115
120
68
112
62
113
9
63
-121
120
-67
39
82
-71
87
-100
-64
113
64
25
24
-12
66
98
-8
37
76
-8
-113
-89
112
96
-15
3
-29
-60
16
124
-120
-80
-27
-113
86
-14
-27
-101
10
-62
113
-90
-128
-65
-32
-1
-125
127
32
-113
-99
-127
-29
63
-112
73
-126
103
2
-125
63
65
125
-29
7
-106
-121
-8
-5
-65
-100
-128
-31
-128
64
-105
-128
-70
120
-128
-98
-97
74
49
-125
73
-117
-36
-7
116
-126
67
127
-55
-33
-1
103
116
-68
-1
-8
-50
112
127
-98
-71
48
60
-40
92
-119
-40
-40
-40
-68
-109
-33
-1
67
4
-9
-29
-53
101
121
31
21
-77
-3
-57
-16
-56
-40
-69
0
70
52
-123
-124
99
50
50
82
34
53
-28
-6
-113
-112
61
-64
27
-113
-63
-112
-80
99
-101
-121
-128
126
-18
50
69
-63
126
-99
-11
90
3
52
-82
24
60
-45
34
8
-2
42
-53
106
26
-55
88
55
-83
-39
-30
127
84
-105
107
108
60
20
20
55
38
-19
3
34
-74
44
103
124
18
-94
-32
46
-30
-38
8
-75
59
-21
29
105
54
22
74
-117
-38
-124
74
81
57
-51
-93
-1
-67
2
32
-104
-20
107
73
10
-44
-106
-62
-26
-42
10
88
-92
62
22
-105
72
-106
121
98
69
-22
-31
118
-84
-100
-83
100
88
17
56
9
39
19
11
85
10
18
41
6
58
42
-113
-116
15
59
92
92
89
79
-127
117
-3
-66
-128
-96
108
71
114
46
108
55
45
54
-83
37
-1
-128
