1
1
1
1
1
1
0
1
1
0
1
0
1
1
1
1
0
1
1
1
1
0
1
0
1
0
0
0
1
1
0
1
1
1
1
1
0
1
1
1
1
1
0
1
1
1
1
1
1
0
1
1
1
1
1
1
1
1
1
1
1
1
1
1
1
0
1
0
1
0
1
1
1
1
1
1
1
1
1
1
1
1
0
1
1
1
1
1
0
1
1
0
0
1
1
1
1
1
1
1
1
1
0
1
1
1
0
1
1
0
1
0
1
1
1
0
1
1
1
0
0
1
1
0
0
1
0
1
1
0
1
1
1
1
1
0
0
1
1
0
1
0
1
1
0
1
1
1
1
0
0
1
0
1
1
1
1
1
1
1
0
0
1
0
1
1
1
1
1
1
1
1
1
1
1
0
1
1
0
0
0
0
1
0
0
1
0
1
0
0
0
1
1
1
0
0
0
1
1
0
1
1
0
1
0
0
1
1
1
1
1
1
0
0
1
0
0
1
1
0
0
0
1
1
1
0
1
1
0
1
1
0
0
1
1
1
1
1
1
0
0
1
1
1
1
1
0
0
1
1
1
0
1
1
1
1
1
0
0
1
1
0
1
1
1
1
0
1
0
1
1
1
1
1
1
1
1
0
0
1
0
1
1
0
1
1
1
0
1
0
1
1
0
0
1
1
1
1
1
0
1
0
1
1
0
1
1
0
1
1
1
1
0
1
1
0
1
1
1
0
0
1
1
1
0
1
1
1
0
1
1
0
1
1
0
0
1
1
1
0
1
1
1
0
1
1
0
1
1
1
1
1
1
1
1
0
1
1
1
1
1
0
1
0
1
1
0
0
1
1
1
0
1
1
1
1
1
1
1
1
1
0
1
1
0
1
1
1
1
1
0
1
1
1
1
1
1
1
0
0
0
1
0
1
1
1
0
1
1
1
1
0
0
1
1
1
1
1
1
0
1
1
1
1
1
1
0
0
1
1
1
1
0
1
1
1
1
1
0
1
0
1
0
1
1
1
0
1
1
1
0
0
1
1
0
0
1
0
1
1
1
0
1
1
1
1
0
1
1
1
1
1
1
1
1
1
1
1
1
0
1
1
1
0
1
1
0
-1
1
1
1
0
1
1
1
1
0
0
0
0
0
0
1
1
1
1
0
1
0
1
0
0
1
0
0
1
1
0
1
1
0
0
1
1
1
1
1
1
1
1
0
1
0
1
0
1
1
1
0
0
0
0
1
1
1
0
1
1
1
1
1
1
0
0
0
1
1
0
1
0
1
0
1
0
1
1
0
0
1
1
0
1
1
0
1
1
1
0
1
1
1
1
1
1
1
1
0
1
0
0
1
0
1
1
1
1
1
0
1
1
0
0
0
0
0
1
0
1
1
0
1
0
1
0
1
1
0
1
1
0
1
1
0
1
0
1
1
0
0
0
0
1
1
1
1
0
1
1
1
0
1
1
0
1
1
0
1
1
0
0
0
1
0
1
1
1
1
0
0
1
1
1
1
1
1
0
1
1
0
1
1
1
0
1
0
0
1
0
1
0
1
1
1
0
1
1
1
1
1
1
1
1
1
1
1
1
0
0
1
0
1
1
1
1
0
0
0
1
1
0
0
1
1
1
1
0
1
1
1
0
1
1
0
0
1
0
0
1
1
0
1
0
0
1
1
0
1
1
0
1
1
1
1
0
1
1
1
0
1
1
1
1
1
0
1
1
1
1
1
0
1
1
1
1
0
1
1
0
1
0
1
1
0
1
1
1
1
1
1
0
1
0
1
1
1
0
1
0
1
1
1
1
0
1
0
1
1
0
1
1
1
1
0
1
1
0
0
1
1
0
1
1
0
0
0
0
0
1
1
1
1
0
1
1
0
0
0
1
1
1
0
1
0
0
1
0
1
0
0
1
1
1
1
1
1
0
0
1
1
1
0
1
1
0
1
1
1
0
1
1
0
1
1
1
1
1
0
1
1
1
1
1
1
1
1
1
1
1
1
1
0
1
0
1
1
1
0
1
1
0
0
0
1
1
1
0
0
1
1
1
1
1
1
1
1
1
1
1
1
1
1
1
1
0
1
1
0
1
1
1
1
1
1
1
1
1
1
1
1
1
1
1
1
0
1
1
1
0
1
0
0
1
1
0
1
0
1
1
1
1
1
1
1
1
1
1
1
1
1
1
1
1
1
1
1
0
1
1
1
1
0
1
0
1
1
1
1
1
0
1
1
1
1
0
1
1
1
1
1
0
1
0
1
1
1
0
1
0
1
1
89
57
88
-59
-7
-110
-93
-121
-120
-123
-125
-117
-122
-115
-116
-106
-115
8
-57
80
54
97
92
100
100
97
99
91
94
90
90
58
89
-59
-5
-110
-93
-121
-119
-122
-124
-117
-122
-114
-116
-107
-115
8
-57
80
54
97
92
100
99
97
99
91
94
89
89
57
89
-60
-8
-110
-93
-121
-119
-122
-125
-117
-122
-114
-117
-105
-114
10
-56
80
54
97
92
100
100
97
100
90
94
90
89
57
89
-60
-7
-110
-93
-121
-119
-122
-125
-117
-121
-114
-116
-106
-114
8
-58
81
54
99
94
101
101
97
100
91
94
89
89
58
88
-60
-6
-110
-93
-122
-120
-122
-125
-117
-122
-114
-116
-106
-114
9
-57
80
54
97
92
100
99
97
99
91
94
90
90
58
89
-59
-5
-110
-93
-121
-119
-122
-125
-117
-122
-114
-116
-106
-115
8
-59
79
53
97
92
100
99
97
100
90
94
90
89
58
88
-59
-6
-110
-93
-121
-120
-123
-125
-118
-122
-115
-116
-107
-115
7
-59
80
53
97
92
100
100
97
100
90
94
90
90
58
89
-58
-5
-109
-92
-121
-120
-123
-125
-117
-122
-114
-115
-107
-114
5
-60
80
52
98
93
100
100
97
100
90
94
89
89
58
88
-58
-5
-110
-93
-121
-119
-123
-125
-117
-122
-114
-116
-107
-115
6
-59
79
52
98
92
100
100
97
100
91
95
89
89
60
89
-57
-4
-109
-92
-121
-119
-122
-124
-117
-122
-115
-116
-108
-114
5
-61
80
52
97
92
100
100
97
99
91
94
89
89
60
89
-57
-3
-109
-92
-121
-119
-122
-125
-117
-122
-114
-116
-107
-114
4
-62
78
51
97
91
100
100
97
100
91
94
90
89
62
89
-55
0
-109
-91
-121
-119
-122
-124
-117
-122
-114
-116
-109
-114
1
-65
78
50
99
93
101
99
97
100
90
94
89
89
62
88
-55
0
-109
-91
-121
-118
-122
-125
-118
-122
-115
-116
-109
-114
1
-65
77
50
96
91
100
99
98
100
91
95
89
89
64
89
-53
3
-108
-90
-121
-119
-122
-125
-118
-122
-114
-116
-110
-114
-1
-68
77
49
97
91
100
100
97
99
91
95
90
89
65
89
-53
4
-108
-90
-120
-118
-122
-125
-118
-122
-114
-116
-110
-115
-1
-68
76
47
96
90
100
99
96
100
90
95
89
89
66
89
-52
5
-108
-89
-121
-118
-122
-124
-118
-122
-114
-115
-110
-114
-3
-70
76
47
98
91
100
100
97
100
90
95
89
89
67
89
-51
6
-107
-88
-121
-118
-123
-125
-118
-122
-114
-116
-110
-115
-4
-71
75
46
96
90
99
99
97
99
91
95
89
89
69
89
-49
9
-107
-88
-120
-118
-123
-124
-118
-122
-114
-116
-111
-115
-6
-73
74
44
96
90
100
99
98
100
91
95
89
89
70
90
-48
11
-106
-87
-120
-118
-123
-124
-118
-122
-114
-116
-111
-115
-8
-75
74
43
96
89
99
99
97
99
91
95
90
90
72
89
-46
14
-106
-86
-120
-117
-122
-124
-118
-122
-114
-116
-111
-114
-12
-79
73
41
97
90
100
101
98
101
91
95
89
89
73
89
-44
16
-105
-85
-120
-118
-122
-124
-118
-122
-114
-116
-112
-115
-13
-79
72
40
96
88
99
99
97
100
92
96
89
88
75
89
-41
19
-105
-83
-120
-117
-123
-124
-118
-122
-114
-116
-112
-115
-15
-82
71
39
95
88
99
99
97
100
91
95
90
89
76
90
-40
21
-104
-83
-120
-116
-123
-124
-118
-122
-114
-116
-112
-115
-17
-83
71
38
95
88
99
99
97
100
91
95
89
89
78
89
-38
23
-103
-81
-120
-116
-123
-124
-118
-122
-114
-117
-112
-114
-21
-86
70
35
96
88
100
100
98
101
91
96
89
89
78
89
-36
25
-103
-81
-120
-116
-123
-124
-119
-122
-114
-116
-113
-114
-21
-87
68
35
95
87
98
99
98
100
92
95
89
89
80
89
-33
30
-102
-79
-120
-115
-123
-124
-118
-123
-115
-117
-112
-115
-25
-89
68
32
95
87
99
99
98
101
92
96
90
89
81
89
-32
31
-102
-78
-119
-115
-123
-123
-118
-123
-115
-117
-113
-115
-26
-91
67
31
95
86
99
99
98
100
92
96
90
89
82
89
-31
32
-101
-76
-119
-115
-123
-124
-119
-123
-114
-116
-112
-114
-31
-93
65
28
95
87
100
100
99
101
92
96
89
89
82
89
-28
36
-100
-76
-119
-115
-123
-123
-119
-123
-114
-117
-113
-115
-32
-95
65
27
94
85
99
98
98
100
92
97
90
90
84
89
-26
38
-99
-73
-120
-114
-123
-123
-119
-123
-114
-117
-113
-115
-35
-97
63
25
94
84
99
98
99
100
93
97
90
89
85
89
-24
39
-98
-73
-119
-114
-123
-124
-119
-123
-114
-117
-113
-115
-36
-97
63
25
94
84
99
99
98
100
92
96
90
89
86
89
-23
41
-98
-72
-119
-113
-123
-123
-120
-123
-114
-117
-113
-115
-39
-99
63
22
95
85
100
100
99
101
92
96
89
89
86
89
-21
43
-98
-71
-119
-113
-123
-123
-119
-124
-115
-118
-113
-115
-40
-100
61
21
93
83
100
99
99
101
93
97
90
90
87
89
-19
46
13
-53
82
57
99
-118
-113
-123
-123
-120
-124
-115
-118
-114
-115
-42
-101
60
19
94
83
100
98
99
101
94
97
90
90
87
90
-17
47
-97
-68
-119
-113
-123
-123
-119
-123
-114
-118
-113
-115
-47
-103
60
16
93
82
101
99
99
101
94
97
89
90
88
88
-16
48
-96
-68
-119
-113
-122
-123
-120
-123
-114
-118
-114
-115
-46
-102
58
16
91
80
98
97
98
100
93
95
89
90
87
89
-14
50
-95
-66
-117
-112
-123
-123
-120
-124
-115
-118
-113
-115
-50
-105
56
12
92
80
98
97
98
100
92
96
88
88
86
87
-14
50
-94
-65
-118
-112
-123
-123
-119
-124
-114
-118
-113
-115
-49
-103
56
13
92
79
98
97
97
98
92
96
88
89
87
88
-12
51
-94
-65
-117
-112
-122
-122
-119
-123
-114
-117
-112
-115
-52
-105
56
12
92
80
98
98
98
100
92
96
88
88
87
88
-11
52
-94
-64
-117
-112
-123
-122
-119
-123
-114
-117
-113
-115
-51
-105
55
12
91
79
97
96
98
99
92
96
89
89
88
88
-10
53
-94
-63
-117
-111
-122
-122
-119
-123
-114
-118
-112
-115
-51
-105
55
11
92
80
98
97
98
99
92
96
89
89
88
88
-10
54
-94
-63
-117
-111
-122
-122
-119
-123
-114
-118
-113
-115
-51
-105
55
11
92
79
98
97
98
99
93
96
89
89
88
88
-10
53
-93
-63
-117
-111
-122
-122
-119
-123
-113
-117
-112
-114
-53
-106
55
10
92
79
99
98
98
100
92
96
87
87
87
86
-9
54
-91
-62
-116
-110
-122
-123
-119
-123
-114
-118
-113
-115
-53
-106
55
10
92
79
98
98
99
100
-128
-128
-99
-128
32
-128
-128
-128
-128
-128
-128
-128
-114
-128
25
-128
-128
-128
-128
-128
-128
-128
-127
-128
-128
127
64
-128
-128
-128
-128
-128
98
99
92
96
90
89
83
89
-29
34
-100
-75
-119
-115
-122
-123
-118
-122
-114
-116
-112
-114
-32
-95
65
27
94
85
99
98
98
101
92
96
90
89
84
88
-25
39
-99
-73
-118
-114
-123
-124
-118
-122
-113
-117
-112
-114
-37
-97
63
23
94
83
99
99
99
101
93
97
90
89
86
89
-19
45
-97
-69
-118
-112
-122
-123
-119
-123
-114
-118
-113
-114
-45
-102
60
17
95
83
100
99
99
101
93
98
89
89
86
88
-15
49
-96
-66
-118
-112
-122
-123
-119
-124
-115
-118
-113
-115
-48
-103
57
14
92
80
99
98
99
101
94
97
90
90
88
89
-9
54
-93
-63
-117
-111
-123
-122
-120
-124
-114
-118
-113
-115
-55
-107
54
8
92
80
100
98
99
100
94
97
89
90
89
89
-4
58
-92
-59
-116
-110
-123
-122
-120
-124
-114
-118
-113
-116
-60
-109
51
4
91
77
99
97
99
100
94
98
90
90
89
89
1
63
-89
-55
-117
-110
-122
-123
-120
-124
-114
-119
-113
-115
-67
-110
47
-3
91
76
100
98
99
100
94
97
89
90
89
89
7
67
-87
-51
-116
-108
-122
-122
-120
-124
-114
-119
-113
-115
-72
-112
44
-7
89
74
98
96
99
100
95
97
90
91
90
89
13
72
-84
-46
-115
-107
-122
-122
-120
-125
-114
-120
-113
-115
-79
-112
40
-14
89
71
98
97
99
100
95
98
90
91
90
89
20
75
-81
-42
-115
-105
-122
-121
-121
-124
-115
-119
-113
-115
-83
-113
36
-18
88
70
98
96
100
99
95
98
90
92
90
89
26
78
-79
-35
-114
-103
-121
-121
-121
-125
-114
-120
-113
-115
-89
-113
32
-27
88
68
99
96
100
100
96
99
89
92
89
89
32
81
-75
-31
-113
-102
-122
-121
-121
-124
-115
-121
-113
-115
-93
-114
27
-32
85
64
98
95
100
99
96
98
90
92
89
89
39
84
-71
-25
-112
-100
-122
-120
-121
-124
-115
-120
-114
-115
-97
-113
22
-39
84
62
98
95
100
99
96
99
89
92
89
89
44
85
-68
-20
-112
-98
-121
-120
-121
-124
-116
-121
-114
-115
-101
-115
18
-45
83
58
97
93
99
100
97
99
90
94
89
89
51
87
-65
-14
-110
-95
-121
-120
-121
-125
-116
-121
-114
-115
-105
-114
11
-54
81
55
98
94
100
100
97
100
90
94
89
89
56
87
-60
-8
-110
-93
-120
-119
-122
-124
-116
-121
-114
-116
-106
-114
6
-59
79
52
96
91
100
99
96
99
90
94
89
89
62
88
-55
0
-108
-91
-121
-118
-122
-124
-117
-121
-114
-115
-109
-114
-2
-68
77
48
97
90
100
99
97
100
91
95
89
89
68
89
-50
8
-106
-88
-121
-118
-122
-125
-117
-122
-114
-116
-110
-114
-7
-74
73
43
96
89
99
99
98
99
91
95
89
89
73
89
-43
15
-105
-84
-120
-116
-122
-124
-118
-122
-113
-115
-111
-114
-17
-83
72
39
96
88
100
100
98
101
91
96
88
88
77
89
-38
24
-103
-81
-119
-116
-122
-124
-118
-122
-114
-116
-112
-114
-22
-87
68
34
94
87
99
98
98
100
92
96
90
89
81
89
-31
32
-101
-77
-119
-115
-122
-123
-118
-123
-114
-116
-112
-115
-31
-93
65
28
94
85
99
98
98
99
92
96
90
89
84
89
-25
38
-99
-73
-119
-113
-122
-123
87
99
99
98
100
92
95
89
89
82
89
-31
32
-102
-77
-119
-115
-122
-123
-119
-123
-114
-116
-113
-115
-30
-93
65
29
94
85
99
98
98
100
92
96
90
89
84
89
-25
39
-99
-73
-119
-114
-122
-124
-119
-124
-114
-117
-112
-114
-38
-98
63
23
95
85
100
99
99
100
93
96
89
88
85
88
-21
44
-98
-70
-118
-112
-123
-123
-119
-123
-113
-117
-113
-115
-43
-101
59
18
93
82
99
98
99
100
93
96
89
90
87
89
-13
51
-95
-66
-118
-112
-123
-122
-119
-123
-114
-118
-113
-115
-51
-105
56
12
92
80
99
97
99
100
94
97
89
90
88
89
-7
57
-93
-62
-118
-111
-123
-123
-119
-123
-114
-118
-113
-115
-57
-108
52
7
92
79
99
97
99
100
94
97
90
90
89
90
-2
61
-90
-57
-116
-110
-122
-123
-120
-124
-114
-118
-113
-114
-65
-110
49
0
92
76
100
98
99
101
94
98
89
90
89
89
4
66
-88
-53
-116
-108
-123
-122
-120
-124
-114
-119
-113
-115
-69
-112
46
-4
90
75
98
96
99
100
95
98
90
92
89
89
11
71
-85
-48
-116
-107
-122
-122
-121
-124
-114
-120
-113
-115
-76
-112
41
-11
89
73
99
96
99
100
95
98
90
91
89
89
16
74
-83
-43
-115
-106
-122
-121
-120
-124
-115
-120
-113
-115
-81
-113
39
-16
88
71
98
95
100
100
95
98
89
92
90
89
24
78
-79
-38
-114
-104
-122
-121
-120
-124
-115
-120
-113
-115
-87
-113
33
-25
88
69
100
97
100
100
96
99
89
92
90
89
30
80
-76
-33
-113
-103
-122
-121
-121
-124
-115
-120
-113
-116
-91
-114
30
-29
86
66
98
95
100
100
96
98
89
92
90
89
36
82
-73
-27
-113
-101
-122
-120
-121
-125
-115
-120
-114
-115
-96
-113
25
-36
85
63
98
94
100
99
96
99
90
93
89
89
42
85
-69
-22
-112
-98
-121
-120
-121
-124
-115
-120
-114
-115
-99
-114
20
-42
83
60
97
94
100
99
96
99
90
94
89
89
48
87
-65
-17
-111
-97
-121
-120
-121
-125
-116
-121
-114
-115
-103
-113
13
-51
82
57
99
95
101
100
97
100
90
93
88
89
54
87
-62
-11
-110
-95
-121
-119
-121
-124
-117
-121
-113
-116
-105
-114
10
-55
80
55
97
92
100
99
96
100
90
94
90
90
59
89
-57
-4
-109
-92
-120
-119
-122
-124
-117
-122
-114
-116
-107
-114
4
-62
78
51
97
92
100
99
97
100
91
95
89
89
63
89
-54
1
-109
-91
-120
-119
-122
-125
-117
-121
-114
-116
-109
-113
0
-67
77
49
96
91
99
99
97
100
91
94
90
89
67
90
-50
6
-107
-88
-120
-117
-123
-124
-117
-121
-114
-116
-110
-113
-6
-74
75
44
97
91
100
100
97
100
91
95
89
89
70
88
-46
12
-106
-86
-120
-117
-122
-124
-118
-122
-114
-116
-112
-114
-11
-78
72
41
96
89
99
99
97
99
91
95
90
89
75
90
-41
19
-104
-83
-119
-117
-122
-124
-117
-122
-114
-115
-112
-114
-17
-83
71
37
96
88
100
99
98
100
92
96
90
89
78
89
-37
24
-103
-81
-120
-116
-122
-124
-118
-122
-114
-116
-113
-114
-22
-87
68
34
94
87
99
99
98
100
92
96
90
89
81
90
-32
31
-102
-77
-119
-115
-123
-124
-119
-123
-114
-117
-112
-114
-31
-94
66
28
96
87
100
100
98
101
92
96
89
90
83
89
-27
37
-100
-74
-119
-115
-122
-124
-118
-123
-114
-116
-112
-115
-35
-96
63
24
94
84
99
98
98
101
92
96
90
89
86
89
-21
43
-98
-70
-118
-113
-123
-124
-119
-123
-114
-118
-113
-115
-42
-101
60
19
93
83
98
98
99
101
93
96
89
89
87
89
-16
48
-96
-67
-119
-113
-123
-123
-119
-123
-114
-117
-113
-115
-48
-103
58
15
93
81
99
98
99
100
93
97
89
89
89
89
-10
53
-93
-64
-118
-111
-123
-123
-119
-123
-114
-118
-113
-115
-55
-107
56
9
93
81
100
99
100
101
94
96
89
90
88
88
-5
59
-92
-60
-117
-111
-123
-123
-120
-124
-114
-119
-113
-115
-60
-108
51
5
91
78
98
97
99
100
94
97
89
90
90
89
1
63
-89
-54
-117
-109
-122
-123
-120
-124
-115
-119
-113
-116
-67
-111
47
-2
90
76
99
97
99
100
94
97
89
91
89
89
7
68
-87
-51
-116
-108
-122
-122
-120
-124
-114
-119
-113
-115
-72
-111
44
-7
89
74
99
96
99
100
95
98
90
92
90
89
13
72
-84
-46
-115
-107
-122
-122
-120
-124
-114
-120
-113
-115
-79
-112
40
-14
90
72
100
97
100
101
95
98
89
91
89
89
20
75
-81
-42
-115
-105
-122
-122
-120
-124
-115
-120
-113
-115
-83
-113
36
-18
88
70
98
96
100
100
95
98
89
92
90
90
26
79
-78
-35
-115
-104
-122
-121
-120
-125
-115
-120
-113
-116
-88
-113
32
-25
87
67
98
95
100
99
96
99
89
92
90
89
31
81
-75
-31
-113
-103
-122
-122
-121
-125
-115
-121
-113
-115
-92
-113
29
-30
86
65
98
94
100
99
96
99
89
43
85
-69
-21
-112
-99
-121
-121
-121
-125
-116
-121
-114
-115
-100
-114
19
-44
84
60
97
94
100
99
96
99
90
93
89
89
49
87
-66
-16
-111
-96
-121
-120
-122
-125
-116
-121
-113
-116
-104
-114
14
-50
82
57
96
93
100
99
97
99
90
93
90
89
53
87
-62
-11
-110
-94
-121
-119
-122
-125
-117
-122
-114
-115
-105
-114
11
-55
80
55
97
92
100
99
97
99
90
94
89
89
58
88
-59
-6
-110
-93
-121
-119
-122
-124
-117
-122
-115
-116
-106
-114
4
-62
80
52
97
93
101
101
97
100
90
95
89
89
62
89
-55
-1
-109
-91
-121
-119
-122
-124
-117
-122
-114
-115
-109
-114
1
-66
77
49
96
91
100
99
97
99
91
95
90
90
67
90
-51
6
-108
-88
-120
-118
-122
-124
-118
-123
-114
-115
-110
-114
-6
-73
75
46
96
90
100
99
98
100
91
96
90
89
71
89
-47
11
-107
-86
-120
-117
-123
-124
-118
-122
-114
-115
-111
-114
-10
-77
73
42
96
89
99
99
97
100
91
95
90
90
74
90
-42
17
-105
-83
-120
-116
-123
-124
-118
-122
-114
-116
-111
-114
-17
-83
71
37
96
90
100
100
98
100
91
96
89
88
77
89
-38
23
-103
-81
-120
-116
-123
-124
-119
-122
-115
-116
-112
-114
-22
-87
66
33
88
81
93
92
96
95
94
96
95
94
82
95
-34
29
-102
-79
-118
-115
-122
-123
-118
-122
-114
-116
-113
-114
-24
-90
68
33
94
86
99
98
98
100
92
97
90
89
83
89
-29
34
-100
-76
-118
-114
-123
-123
-118
-122
-114
-117
-113
-114
-33
-96
65
27
94
84
97
98
96
98
91
94
89
88
85
89
-25
39
-99
-73
-119
-114
-123
-123
-118
-122
-114
-117
-112
-115
-39
-97
61
20
94
85
100
99
97
101
92
96
88
88
86
88
-20
44
-97
-70
-118
-112
-122
-123
-118
-123
-114
-117
-113
-115
-44
-100
60
19
93
82
98
97
98
99
93
97
89
88
88
89
-14
49
-95
-66
-117
-113
-122
-123
-119
-123
-114
-118
-112
-115
-48
-104
57
14
93
81
99
98
98
100
93
96
89
89
88
89
-11
53
-94
-64
-118
-111
-122
-123
-120
-123
-114
-118
-112
-115
-53
-106
54
9
92
80
99
97
99
100
94
97
90
90
89
89
-5
59
-92
-60
-116
-111
-123
-122
-120
-124
-114
-119
-112
-115
-60
-109
52
4
92
78
100
99
100
101
94
98
89
90
89
89
0
61
-90
-56
-117
-110
-122
-122
-120
-124
-114
-119
-113
-115
-65
-111
49
1
91
77
98
97
99
100
94
98
89
90
89
90
6
67
-87
-52
-116
-108
-122
-122
-120
-124
-115
-119
-113
-116
-69
-111
46
-4
90
75
99
97
100
100
94
98
89
92
90
89
10
70
-86
-49
-116
-107
-123
-122
-120
-124
-115
-120
-113
-117
-72
-111
42
-9
90
73
99
96
99
100
95
97
89
92
90
89
16
74
-84
-45
-116
-106
-122
-122
-121
-124
-113
-120
-114
-114
-81
-114
38
-16
89
71
99
97
100
100
93
97
88
90
87
87
20
75
-81
-40
-114
-105
-122
-122
-121
-124
-115
-120
-113
-115
-85
-113
34
-22
85
67
95
92
98
96
95
97
89
91
90
90
28
79
-77
-34
-114
-102
-121
-121
-120
-124
-115
-120
-113
-115
-90
-114
29
-28
84
64
97
93
98
98
94
97
88
91
88
88
32
80
-74
-30
-113
-101
-121
-120
-120
-124
-114
-119
-113
-115
-93
-112
26
-33
84
63
96
92
98
97
94
97
88
91
88
87
38
82
-70
-24
-112
-98
-120
-120
-120
-124
-115
-120
-113
-114
-98
-112
21
-41
83
61
97
94
99
99
94
98
88
91
88
87
43
83
-67
-20
-111
-97
-120
-119
-121
-124
-115
-121
-113
-114
-100
-113
17
-44
81
58
96
92
98
98
95
98
88
92
88
87
49
86
-64
-15
-110
-95
-120
-119
-121
-124
-115
-120
-113
-115
-102
-113
13
-51
80
56
96
92
99
98
95
98
89
92
88
87
54
86
-61
-10
-109
-93
-120
-118
-121
-123
-115
-120
-113
-115
-105
-113
9
-56
78
53
95
91
98
98
95
98
89
93
88
88
58
87
-58
-4
-108
-91
-119
-117
-121
-124
-116
-121
-113
-114
-108
-113
1
-65
75
48
96
90
99
98
96
99
89
93
88
88
63
87
-53
2
-106
-89
-119
-117
-121
-123
-116
-120
-113
-114
-108
-113
-4
-69
74
45
95
88
98
98
96
99
89
94
87
87
67
86
-48
9
-105
-85
-118
-116
-121
-122
-116
-120
-113
-114
-109
-113
-9
-75
72
42
95
87
98
98
95
98
89
93
87
86
70
87
-44
14
-104
-84
-118
-116
-121
-123
-116
-120
-112
-114
-110
-112
-14
-80
70
39
95
87
98
97
96
98
89
93
87
87
74
86
-39
20
-102
-81
-118
-116
-121
-122
-117
-121
-112
-114
-109
-112
-21
-85
68
35
94
86
98
97
95
98
90
93
87
86
77
87
-35
26
-101
-78
-118
-113
-121
-122
-117
-121
-112
-115
-110
-113
-25
-88
66
31
93
84
96
96
95
97
90
93
87
86
81
87
-30
32
-99
-75
-117
-112
99
97
99
90
94
90
90
49
88
-65
-16
-112
-97
-121
-120
-122
-126
-117
-122
-114
-116
-104
-114
14
-51
82
57
98
94
100
100
97
99
91
93
90
90
54
88
-62
-10
-111
-95
-121
-120
-121
-125
-117
-122
-114
-116
-106
-115
10
-56
81
54
97
93
100
100
97
100
91
95
90
90
59
89
-58
-5
-109
-92
-121
-119
-122
-125
-117
-122
-114
-117
-108
-114
4
-64
79
51
98
93
101
100
97
100
90
95
89
89
62
88
-55
0
-109
-91
-120
-119
-122
-125
-118
-122
-114
-117
-110
-115
-1
-67
77
48
97
90
100
99
98
100
91
95
90
89
68
89
-51
6
-107
-88
-121
-118
-122
-125
-118
-123
-114
-116
-111
-114
-7
-74
75
45
97
90
100
99
97
100
91
95
90
89
71
89
-46
12
-106
-86
-120
-118
-122
-124
-118
-122
-114
-116
-112
-115
-12
-79
72
41
95
88
99
99
97
99
91
95
90
89
75
89
-41
18
-105
-83
-119
-117
-123
-124
-118
-122
-113
-116
-112
-114
-20
-86
70
36
96
88
100
99
97
100
91
95
89
88
79
88
-36
25
-103
-80
-120
-116
-122
-124
-118
-123
-114
-117
-112
-114
-24
-89
67
33
94
86
98
98
97
99
92
95
89
89
81
89
-30
33
-101
-77
-119
-115
-122
-124
-119
-123
-114
-117
-112
-114
-31
-94
64
27
94
84
99
99
98
99
92
95
89
89
84
89
-25
38
-99
-73
-118
-114
-122
-123
-119
-123
-114
-117
-112
-114
-37
-98
62
23
93
83
99
97
98
100
92
96
89
89
85
88
-19
44
-97
-70
-118
-112
-123
-123
-119
-123
-113
-117
-113
-114
-46
-102
58
16
93
81
99
98
99
100
93
96
88
88
86
87
-15
49
-95
-66
-118
-112
-122
-122
-119
-123
-114
-118
-113
-115
-50
-105
56
13
91
79
98
97
98
100
93
96
89
89
88
88
-8
55
-93
-62
-117
-111
-122
-122
-119
-123
-114
-117
-112
-115
-57
-107
53
7
91
78
98
97
98
99
93
96
89
90
89
88
-3
59
-91
-57
-116
-110
-122
-122
-119
-124
-114
-118
-112
-115
-61
-109
50
2
90
76
98
96
98
99
93
96
89
89
89
88
3
64
-88
-53
-116
-109
-122
-122
-120
-123
-114
-118
-112
-114
-69
-111
46
-5
90
75
99
96
99
100
93
97
88
89
88
88
9
68
-85
-49
-115
-107
-121
-122
-120
-124
-113
-118
-113
-115
-73
-112
42
-9
89
72
98
95
98
99
94
97
89
90
89
89
16
73
-83
-44
-114
-105
-121
-121
-120
-124
-114
-119
-112
-114
-80
-112
39
-15
87
71
98
95
99
99
95
97
89
90
88
88
20
75
-81
-41
-115
-105
-122
-121
-120
-124
-115
-120
-113
-115
-83
-112
36
-18
87
69
97
95
99
99
95
98
89
91
90
89
25
77
-78
-37
-114
-103
-122
-120
-120
-124
-114
-120
-113
-115
-88
-112
31
-26
87
67
98
96
100
99
95
98
89
91
89
88
30
80
-75
-32
-113
-101
-121
-120
-120
-124
-115
-120
-113
-115
-91
-113
29
-29
85
65
98
94
99
99
95
98
90
92
89
89
35
82
-73
-27
-112
-100
-121
-120
-121
-124
-115
-121
-113
-115
-94
-113
26
-34
84
62
98
94
99
99
96
98
89
92
89
89
39
83
-70
-24
-112
-98
-121
-120
-120
-124
-115
-120
-113
-115
-97
-113
22
-39
84
62
98
93
99
99
96
99
90
93
89
89
43
85
-68
-20
-111
-98
-121
-120
-121
-124
-115
-121
-113
-115
-100
-114
19
-45
84
60
99
95
100
100
95
99
89
93
89
88
47
86
-66
-16
-111
-97
-121
-120
-121
-125
-116
-121
-113
-115
-102
-114
15
-48
81
57
97
93
99
99
96
99
90
93
90
89
52
87
-62
-12
-110
-94
-121
-119
-121
-124
-116
-121
-113
-115
-104
-114
11
-53
81
55
98
93
99
99
96
100
89
93
90
89
55
88
-61
-9
-109
-93
-120
-119
-122
-124
-117
-121
-114
-115
-105
-113
9
-56
80
54
97
92
100
99
97
99
90
94
90
89
58
88
-57
-5
-109
-92
-120
-118
-121
-124
-116
-121
-114
-115
-107
-114
4
-63
80
52
98
92
100
100
97
100
90
94
89
88
61
88
-55
-1
-108
-91
-120
-118
-122
-125
-117
-122
-114
-115
-108
-115
2
-64
78
50
97
91
100
99
97
100
91
95
90
89
65
89
-52
3
-107
-89
-120
-118
-122
-124
-117
-122
-114
-116
-109
-114
-1
-68
77
48
96
91
99
99
97
100
90
95
89
89
66
89
-51
5
-107
-89
-121
-118
-122
-125
-117
-122
-114
-115
-110
-114
-4
-71
75
46
96
90
100
100
97
99
91
95
90
89
69
90
-48
10
-106
-87
-120
-117
-122
-124
-118
-122
-113
-116
-110
-114
-9
-75
75
44
98
90
101
100
98
101
91
95
89
89
71
89
-46
12
-106
-86
-120
-117
-122
-124
-118
-122
-114
-116
-112
-114
-10
-77
73
42
95
89
99
99
98
100
92
95
90
89
74
90
-43
17
-105
-84
-120
-117
-123
-124
-119
-122
-114
-116
-112
-114
-13
-81
72
40
96
89
100
100
97
100
92
96
-113
-115
-65
77
90
-38
23
-103
-81
-120
-116
-122
-124
-118
-122
-114
-116
-112
-114
-21
-87
70
35
97
88
101
100
99
101
92
96
89
88
78
89
-36
25
-103
-81
-119
-116
-123
-123
-119
-122
-115
-116
-112
-115
-23
-89
68
33
95
87
99
99
98
100
92
96
90
89
81
89
-32
31
-102
-78
-119
-115
-123
-124
-119
-123
-114
-117
-112
-115
-27
-91
66
31
95
86
100
99
98
101
92
96
89
89
82
90
-31
33
-101
-77
-119
-115
-122
-123
-118
-122
-114
-117
-112
-114
-30
-94
66
29
94
86
99
99
99
100
93
97
89
89
83
90
-27
37
-101
-74
-119
-115
-123
-124
-119
-123
-114
-117
-113
-114
-35
-96
64
25
95
85
99
99
98
100
92
97
89
89
84
89
-24
40
-99
-73
-119
-114
-123
-124
-119
-123
-114
-117
-113
-115
-36
-98
63
24
93
83
99
98
98
100
93
96
90
89
86
89
-21
43
-97
-70
-118
-113
-123
-124
-119
-123
-114
-117
-113
-115
-42
-101
60
20
94
83
99
98
99
101
93
97
90
90
87
89
-18
46
-96
-69
-119
-113
-123
-123
-119
-123
-115
-117
-113
-116
-45
-102
59
18
93
82
100
97
99
100
94
97
89
90
88
89
-15
49
-96
-66
-118
-112
-123
-123
-119
-123
-114
-118
-113
-115
-50
-105
57
13
93
81
100
99
100
100
93
97
89
90
87
89
-11
52
-95
-64
-118
-111
-123
-123
-120
-123
-114
-117
-113
-116
-52
-105
56
12
92
80
99
98
98
99
94
97
90
89
89
89
-7
56
-92
-61
-117
-111
-123
-122
-120
-124
-115
-118
-113
-116
-58
-108
52
7
91
78
99
98
99
100
94
97
89
90
89
88
-3
59
-91
-58
-117
-111
-123
-123
-120
-124
-115
-118
-113
-115
-61
-109
51
3
91
77
99
97
99
100
94
97
89
91
89
89
2
63
-89
-55
-117
-110
-122
-122
-120
-124
-114
-119
-113
-115
-67
-111
47
-2
91
76
100
98
100
100
94
98
88
91
89
88
6
67
-87
-52
-116
-109
-122
-122
-121
-124
-114
-119
-113
-115
-70
-112
45
-5
90
74
99
96
99
100
95
98
90
91
89
89
11
70
-85
-48
-116
-107
-122
-122
-120
-124
-114
-119
-113
-116
-75
-112
42
-10
89
72
98
96
99
99
94
98
89
91
90
88
15
73
-83
-45
-115
-106
-123
-122
-121
-124
-115
-120
-113
-115
-79
-112
40
-15
88
71
98
96
99
99
95
98
89
91
90
89
21
75
-81
-40
-115
-104
-122
-122
-121
-125
-115
-120
-113
-115
-86
-113
35
-22
89
69
100
97
100
101
95
99
89
91
89
88
26
78
-78
-37
-114
-103
-122
-122
-120
-125
-114
-121
-113
-115
-88
-113
33
-24
86
68
98
95
99
99
96
98
89
92
89
89
32
81
-75
-31
-113
-102
-122
-121
-121
-124
-115
-120
-114
-115
-92
-113
28
-30
86
65
98
95
100
100
96
99
89
92
90
89
36
82
-72
-27
-113
-101
-121
-121
-121
-124
-116
-121
-114
-115
-95
-114
25
-35
85
63
98
94
100
99
96
99
90
93
89
90
41
85
-70
-22
-112
-99
-121
-120
-121
-125
-115
-121
-113
-115
-99
-113
19
-43
85
61
98
95
100
100
95
99
89
93
88
88
46
85
-67
-18
-112
-98
-121
-120
-121
-125
-115
-121
-114
-115
-101
-114
17
-47
82
58
97
93
100
99
96
99
89
94
89
89
51
87
-63
-13
-111
-95
-120
-119
-121
-124
-116
-122
-114
-115
-104
-114
13
-51
81
56
97
92
100
100
96
99
91
94
90
89
54
88
-61
-9
-110
-93
-121
-119
-122
-125
-117
-122
-114
-115
-105
-114
9
-56
80
54
97
92
100
99
96
99
90
94
89
89
60
88
-58
-4
-109
-92
-121
-118
-122
-125
-117
-121
-114
-115
-108
-113
3
-64
79
50
98
93
101
101
97
100
90
95
88
88
63
88
-53
1
-108
-90
-121
-118
-122
-124
-117
-122
-114
-116
-109
-114
-1
-68
76
48
96
90
99
99
97
100
91
94
89
89
68
89
-49
7
-107
-87
-120
-117
-122
-124
-117
-122
-114
-115
-111
-115
-6
-73
75
44
96
91
100
100
97
100
91
95
89
89
71
89
-47
12
-105
-86
-120
-117
-123
-124
-118
-122
-115
-116
-111
-115
-10
-77
73
42
96
90
99
100
97
100
91
95
90
88
74
89
-42
17
-105
-84
-120
-116
-122
-124
-118
-122
-114
-116
-112
-114
-17
-83
71
39
97
89
100
100
98
100
91
95
89
88
76
89
-39
22
-103
-82
-120
-116
-123
-125
-118
-123
-114
-116
-113
-115
-20
-86
69
36
95
88
99
99
98
100
92
96
90
89
80
89
-35
27
-102
-79
-119
-115
-123
-124
-119
-123
-114
-116
-112
-115
-25
-89
67
33
95
86
100
99
98
100
91
96
90
89
81
89
-32
31
-102
-77
-120
-115
-123
-124
-119
-123
-114
-116
-113
-114
-28
-92
66
30
94
86
99
99
98
100
93
95
90
89
83
89
-28
36
-100
-75
-118
-114
-122
-124
-119
-123
-114
-117
-112
-115
-35
-96
64
25
95
85
100
99
100
101
93
96
89
90
84
88
-24
40
-99
-72
-119
-114
100
97
101
101
96
99
89
91
90
89
30
80
-77
-33
-114
-103
-122
-122
-121
-125
-115
-120
-114
-116
-90
-113
30
-28
87
66
98
95
100
99
96
99
90
92
90
89
34
82
-74
-29
-113
-102
-122
-121
-121
-125
-115
-121
-114
-115
-94
-114
28
-32
86
64
98
95
100
100
96
99
90
92
89
90
37
84
-72
-26
-113
-101
-122
-121
-121
-124
-116
-120
-114
-115
-95
-114
26
-35
85
63
97
95
100
100
96
99
89
92
89
90
40
84
-71
-24
-113
-100
-122
-120
-122
-125
-116
-121
-113
-115
-98
-113
22
-40
84
62
99
95
100
100
96
100
90
92
89
89
43
85
-69
-21
-112
-99
-121
-121
-122
-125
-116
-121
-114
-116
-99
-113
20
-42
83
60
98
94
99
99
96
99
90
93
89
90
46
87
-66
-17
-111
-97
-121
-120
-122
-125
-115
-121
-114
-115
-101
-114
17
-47
83
59
98
94
100
100
97
100
90
93
90
89
49
87
-65
-15
-111
-95
-121
-120
-121
-125
-117
-121
-114
-115
-103
-114
14
-50
82
57
98
93
100
99
96
99
90
94
90
90
54
88
-62
-11
-111
-95
-121
-119
-121
-125
-116
-121
-114
-116
-105
-113
10
-55
81
55
99
94
101
100
97
100
90
93
89
89
56
88
-60
-7
-110
-94
-121
-119
-122
-125
-117
-122
-114
-115
-107
-114
8
-58
80
54
97
92
100
99
97
99
91
94
89
89
60
88
-57
-3
-109
-92
-121
-119
-122
-125
-117
-122
-114
-116
-108
-115
4
-63
78
51
97
91
100
100
97
100
90
94
90
89
62
89
-55
0
-109
-91
-121
-118
-122
-125
-117
-122
-114
-116
-109
-115
1
-65
77
49
96
91
99
99
97
100
90
95
89
89
66
89
-52
5
-107
-89
-120
-118
-123
-124
-118
-122
-114
-116
-110
-114
-4
-71
77
46
97
92
100
100
98
100
91
95
89
88
68
89
-49
8
-107
-88
-121
-118
-122
-125
-117
-122
-114
-116
-111
-114
-6
-73
74
45
97
90
100
99
97
100
91
95
90
89
71
90
-46
12
-106
-86
-120
-118
-122
-124
-118
-122
-114
-116
-111
-114
-10
-77
73
42
96
90
100
99
97
100
91
95
90
89
73
89
-44
16
-105
-84
-120
-117
-123
-124
-118
-122
-115
-116
-112
-115
-12
-80
72
41
96
89
100
99
98
100
92
95
90
90
75
89
-41
19
-104
-83
-120
-117
-123
-124
-119
-122
-114
-117
-112
-114
-18
-84
70
37
96
89
100
100
98
101
92
95
89
89
77
89
-38
23
-103
-82
-120
-116
-123
-125
-119
-123
-115
-117
-112
-115
-20
-86
70
36
95
87
99
98
98
101
92
96
90
90
80
90
-34
28
-102
-79
-120
-116
-123
-124
-119
-123
-115
-117
-112
-115
-24
-89
68
33
95
86
99
99
98
101
92
96
90
89
81
90
-32
30
-101
-78
-120
-115
-123
-124
-119
-123
-114
-117
-113
-114
-27
-91
67
31
95
87
99
98
98
100
92
96
89
88
82
88
-30
34
-101
-76
-119
-115
-123
-124
-119
-123
-114
-117
-112
-114
-33
-95
65
26
94
86
99
99
96
100
90
94
88
87
82
87
-27
36
-99
-73
-119
-114
-123
-123
-119
-123
-115
-117
-113
-117
-35
-94
62
23
92
83
97
97
96
98
91
95
88
88
85
88
-22
41
-97
-72
-118
-113
-123
-122
-119
-123
-114
-117
-112
-115
-39
-99
60
20
92
82
98
98
97
99
92
95
89
88
85
88
-20
43
-97
-69
-118
-112
-122
-123
-119
-123
-114
-116
-113
-114
-43
-100
60
19
92
81
98
97
98
99
92
95
89
89
86
88
-17
47
-95
-67
-118
-113
-122
-122
-119
-123
-114
-117
-112
-114
-48
-103
58
15
93
80
98
98
98
100
92
96
88
88
86
88
-13
50
-94
-65
-118
-112
-122
-122
-119
-123
-114
-117
-112
-115
-49
-104
56
13
92
80
98
97
98
99
93
96
88
89
88
89
-9
53
-93
-63
-117
-111
-122
-122
-119
-123
-114
-118
-112
-115
-54
-106
52
8
85
75
92
90
94
93
95
95
93
93
91
94
-8
55
-92
-62
-116
-110
-122
-121
-118
-123
-113
-117
-112
-114
-53
-106
55
12
91
79
97
96
98
99
93
96
89
89
88
89
-6
57
-92
-59
-116
-110
-122
-121
-118
-123
-114
-117
-112
-114
-60
-108
52
5
92
78
98
97
97
98
92
94
87
88
88
87
-4
59
-91
-58
-116
-109
-121
-122
-119
-122
-114
-117
-112
-116
-58
-107
51
4
90
77
97
95
97
98
93
95
88
89
90
88
0
62
-89
-56
-116
-109
-122
-121
-119
-122
-113
-118
-112
-114
-63
-109
49
1
91
77
97
96
97
98
94
97
88
89
88
88
1
62
-88
-54
-116
-108
-121
-122
-119
-123
-114
-117
-111
-114
-64
-109
48
0
90
76
98
96
99
99
94
96
89
90
89
89
4
65
-87
-53
-116
-109
-121
-122
-119
-123
-113
-118
-112
-114
-69
-110
44
-6
91
75
100
99
100
101
95
98
89
90
89
88
7
67
-86
-51
-116
-108
-122
-121
-119
-123
-113
-118
-113
-115
-69
-112
45
-5
89
74
98
97
99
99
94
97
90
90
12
71
-85
-48
-115
-107
-122
-121
-120
-124
-114
-119
-113
-115
-74
-112
43
-9
90
73
98
96
100
100
94
98
89
91
89
89
14
72
-83
-46
-115
-106
-122
-122
-120
-124
-114
-119
-113
-116
-76
-111
40
-13
90
73
100
98
99
101
95
97
89
91
89
88
16
73
-82
-44
-115
-105
-122
-121
-120
-124
-113
-119
-114
-114
-80
-113
38
-15
88
71
98
95
100
100
94
97
89
91
88
88
21
75
-80
-40
-115
-105
-122
-121
-120
-124
-115
-120
-113
-115
-84
-113
35
-21
87
68
98
95
100
100
97
100
89
92
89
90
23
76
-79
-39
-114
-104
-121
-121
-120
-124
-115
-120
-113
-116
-84
-113
35
-20
87
69
98
95
99
99
95
98
89
91
89
89
25
78
-78
-36
-114
-103
-121
-121
-120
-124
-114
-120
-113
-115
-88
-113
32
-26
88
68
99
96
100
100
95
98
89
91
89
89
28
78
-77
-34
-113
-102
-122
-121
-120
-125
-115
-120
-113
-115
-89
-113
32
-26
86
66
98
95
99
99
95
98
89
92
89
89
32
81
-75
-30
-113
-101
-121
-121
-121
-124
-115
-121
-113
-115
-92
-113
29
-30
86
65
97
95
100
99
96
98
90
91
89
89
34
81
-73
-29
-113
-101
-121
-121
-121
-124
-114
-120
-113
-115
-93
-113
26
-33
84
63
97
94
99
99
95
99
89
92
89
89
38
82
-71
-25
-112
-100
-121
-120
-121
-124
-115
-121
-113
-115
-96
-113
23
-38
84
62
98
94
100
99
95
98
88
92
88
88
40
83
-69
-23
-112
-98
-120
-120
-120
-124
-115
-121
-113
-115
-98
-113
20
-41
82
59
96
92
99
98
95
98
89
92
87
88
44
84
-67
-19
-111
-97
-120
-119
-121
-124
-115
-120
-113
-115
-101
-113
17
-45
80
57
94
90
97
96
94
97
88
91
87
87
47
84
-66
-17
-110
-96
-120
-119
-120
-124
-115
-121
-113
-115
-101
-113
14
-48
79
56
95
90
97
96
94
96
88
91
87
88
50
85
-63
-13
-109
-94
-119
-117
-120
-123
-115
-120
-113
-114
-103
-112
8
-56
79
52
96
91
100
99
96
99
88
92
86
86
52
84
-60
-10
-108
-93
-119
-118
-120
-123
-115
-120
-113
-114
-104
-112
10
-55
78
53
95
90
97
96
95
97
88
92
87
87
56
85
-58
-6
-108
-92
-119
-117
-120
-122
-115
-120
-112
-114
-105
-112
6
-58
77
51
95
90
98
98
95
98
88
92
87
87
94
97
97
98
98
100
98
99
96
95
94
92
90
89
89
88
88
87
88
85
74
51
21
-10
-37
-61
-79
-92
-102
-110
-114
-118
-118
-121
-120
-124
-121
-124
-120
-120
-117
-116
-114
-116
-113
-114
-112
-113
-112
-104
-84
-54
-21
8
33
52
66
76
86
90
92
96
96
98
98
99
98
98
97
96
95
93
91
90
89
88
88
88
89
87
79
59
30
-2
-29
-55
-74
-89
-99
-108
-112
-117
-118
-122
-121
-124
-122
-124
-120
-120
-118
-118
-115
-115
-113
-114
-112
-113
-112
-108
-92
-66
-32
-2
24
46
63
74
84
90
94
97
98
99
99
99
99
99
98
97
96
93
91
90
89
87
88
87
88
87
82
63
38
6
-23
-50
-69
-86
-98
-107
-111
-116
-117
-121
-120
-123
-122
-124
-120
-122
-118
-118
-115
-116
-114
-115
-113
-114
-112
-111
-96
-72
-40
-8
21
42
60
71
81
87
92
95
96
98
97
99
98
99
97
96
95
94
92
90
89
88
89
88
88
88
86
71
46
16
-14
-42
-63
-82
-93
-103
-109
-115
-117
-120
-120
-124
-122
-124
-121
-122
-119
-119
-115
-116
-114
-114
-113
-113
-112
-112
-102
-82
-50
-18
11
34
54
68
80
86
92
95
96
97
98
98
98
98
98
97
96
95
92
91
89
88
88
88
88
88
87
76
57
27
-5
-34
-57
-77
-90
-101
-107
-113
-116
-120
-120
-123
-122
-124
-121
-122
-119
-120
-116
-116
-114
-115
-113
-114
-112
-112
-106
-88
-58
-26
5
28
50
64
76
83
90
94
96
98
98
99
98
99
98
97
96
95
94
91
90
89
89
89
89
88
-68
-1
74
-65
-113
-121
-124
110
106
2
42
39
-101
61
-94
99
-115
-49
10
0
-116
114
36
104
54
-125
-52
-17
-72
127
-100
-58
93
-83
1
-128
-121
-128
-97
-112
60
-21
95
-27
-113
-128
107
-88
-110
125
124
-122
-67
76
-67
-16
-69
-121
95
-34
-55
-72
-122
115
-74
-36
10
65
110
-29
120
81
104
81
-121
-72
-67
-96
99
-113
-116
-1
-71
126
73
-29
-75
-117
65
-99
-99
17
15
81
-93
-68
35
-107
52
24
-70
34
83
-30
-121
-65
-112
-65
-101
-125
-104
-65
-116
-72
-91
110
-80
77
-19
-16
104
-127
-8
98
-39
5
120
2
-121
-98
122
-7
-18
-125
-16
-65
-4
-46
37
25
94
66
77
-88
-17
72
-39
115
62
81
10
-20
120
-121
-54
-63
-66
-90
-47
-115
-68
-60
-63
-120
-30
-2
72
-83
-122
-90
-112
19
-125
39
85
89
82
-80
-60
-33
-59
113
-68
31
40
127
-32
-123
-65
-4
-128
34
88
-15
-69
34
43
115
-25
9
-21
-79
-7
-93
-38
-125
91
-59
102
-13
3
91
0
108
36
41
108
-45
37
-43
-43
-123
-74
-85
10
42
17
81
-44
-50
-38
123
-123
-123
112
127
68
-29
42
47
50
48
-35
46
83
-26
-91
88
-37
109
10
34
90
122
-62
106
-49
-61
83
-25
121
101
37
-124
42
-99
115
-83
90
68
53
-94
26
80
50
-42
36
75
87
17
115
-33
71
-89
0
-100
-40
45
123
6
-56
97
122
-61
38
26
-22
44
87
87
33
93
37
-39
51
91
94
-6
-23
-28
-123
-60
90
22
107
-81
-22
49
17
72
-76
69
-38
87
22
43
24
61
-53
34
-112
93
97
57
44
73
96
127
-79
115
-126
48
75
4
105
46
42
-43
106
-108
80
-43
10
42
42
43
70
-107
-40
-93
-47
88
24
105
-97
108
-38
-22
50
96
45
57
32
-43
-78
7
99
-104
-85
-127
-118
-61
43
65
-52
74
64
54
17
22
74
77
-82
39
-110
-40
-50
84
115
53
42
74
9
73
21
28
124
-99
-29
-13
-65
-85
-100
113
27
-67
126
79
18
-115
67
8
-29
41
-111
54
-92
42
-94
-105
-55
103
28
-126
84
-105
72
28
-128
26
56
-69
109
-11
61
-68
-110
-115
-48
77
106
-42
-30
86
-34
-79
-66
122
-4
-125
46
64
3
112
-65
-82
-12
95
-97
-126
-124
-44
-84
41
7
-93
34
85
-37
98
114
93
101
-83
75
9
-125
-49
-40
-127
23
-114
-96
-18
-29
92
-1
-65
-41
-23
75
-64
-78
-2
-112
-113
-97
-65
64
-112
-1
-125
-97
127
112
-65
-13
-128
-16
-76
-106
-109
114
7
19
117
-33
-99
34
40
127
-112
-81
65
-5
-11
127
71
-121
-128
-99
-65
-128
-113
-114
-127
-97
-1
-121
-56
112
60
-65
-121
-121
95
120
-4
-98
4
-126
0
-64
-65
-125
-81
54
99
43
-83
93
-118
-54
46
-38
-109
123
-29
88
24
125
-15
11
-105
51
-75
-93
-17
-103
119
120
89
80
-18
-104
-36
-2
123
-60
36
70
104
-17
-108
19
90
101
-9
-110
90
6
61
-124
51
124
-77
94
63
11
66
115
-122
-99
9
-126
-33
-22
-46
-100
47
-5
-93
115
-100
125
-16
-111
64
-94
-40
-128
-96
12
29
112
-16
103
84
70
-42
-76
72
87
117
100
-81
48
22
-119
68
-79
-62
15
-116
72
-118
14
104
-2
-127
127
-82
-74
95
-127
-80
-121
-69
96
-19
-68
-65
-101
106
-98
29
-38
-89
65
-128
-10
-103
112
-16
-41
11
55
90
74
54
17
51
36
-128
-34
-9
68
85
-121
36
86
-125
61
112
1
-125
-112
-95
-27
75
125
47
-127
-112
-93
-32
72
-87
-7
-120
94
-39
89
116
80
-56
79
-65
64
-28
40
-86
-121
-74
-126
-62
-102
71
-118
75
23
71
-110
-35
-71
-89
22
-16
-1
-121
-100
-121
95
-114
15
-125
-65
76
-30
-109
8
105
111
-115
85
-44
69
-11
-7
43
107
-91
-22
54
-51
87
-58
-39
-57
-31
127
-113
-64
65
-74
88
-65
-76
-25
-128
71
-117
120
100
-89
-105
119
-121
-96
-52
-46
-4
-45
59
-39
-81
-97
92
-68
-47
-1
-128
-37
37
53
6
-5
11
50
89
42
60
32
-91
112
45
86
9
50
-104
-128
-97
-125
-65
79
-125
51
68
0
-113
8
-122
-118
-5
114
-72
-81
-28
-12
-13
-29
127
60
66
15
-50
-104
81
-66
-107
-49
-58
-100
127
72
-4
115
1
-41
-91
20
113
-12
-34
9
49
-96
-72
125
-97
14
127
-115
120
68
112
62
113
9
63
-121
120
-67
39
82
-71
87
-100
-64
113
64
25
24
-12
66
98
-8
37
76
-8
-113
-89
112
96
-15
3
-29
-60
16
124
-120
-80
-27
-113
86
-14
-27
-101
10
-62
113
-90
-128
-65
-32
-1
-125
127
32
-113
-99
-127
-29
63
-112
73
-126
103
2
-125
63
65
125
-29
7
-106
-121
-8
-5
-65
-100
-128
-31
-128
64
-105
-128
-70
120
-128
-98
-97
74
49
-125
73
-117
-36
-7
116
-126
67
127
-55
-33
-1
103
116
-68
-1
-8
-50
112
127
-98
-71
48
60
-40
92
-119
-40
-40
-40
-68
-109
-33
-1
67
4
-9
-29
-53
101
121
31
21
-77
-3
-57
-16
-56
-40
-69
0
70
52
-123
-124
99
50
50
82
34
53
-28
-6
-113
-112
61
-64
27
-113
-63
-112
-80
99
-101
-121
-128
126
-18
50
69
-63
126
-99
-11
90
3
52
-82
24
60
-45
34
8
-2
42
-53
106
26
-55
88
55
-83
-39
-30
127
84
-105
107
108
60
20
20
55
38
-19
3
34
-74
44
103
124
18
-94
-32
46
-30
-38
8
-75
59
-21
29
105
54
22
74
-117
-38
-124
74
81
57
-51
-93
-1
-67
2
32
-104
-20
107
73
10
-44
-106
-62
-26
-42
10
88
-92
62
22
-105
72
-106
121
98
69
-22
-31
118
-84
-100
-83
100
88
17
56
9
39
19
11
85
10
18
41
6
58
42
-113
-116
15
59
92
92
89
79
-127
117
-3
-66
-128
-96
108
71
114
46
108
55
45
54
-83
37
-1
-128
