1
1
1
1
1
1
1
1
0
1
1
1
1
1
1
1
1
1
1
1
1
1
1
1
2
1
1
1
1
1
1
1
1
1
1
1
1
1
1
1
1
1
1
1
1
1
1
1
1
1
1
0
1
1
1
1
1
1
1
2
1
1
1
1
1
1
1
1
1
1
1
1
1
1
1
1
1
1
1
1
1
1
1
1
1
1
1
1
1
1
1
1
1
1
1
1
1
1
1
1
1
2
1
1
2
1
1
1
1
1
1
1
1
1
1
1
1
1
1
1
1
1
1
1
1
1
1
1
1
1
1
1
0
1
1
1
1
1
0
1
0
1
1
1
1
1
1
1
1
1
1
1
1
1
1
1
1
1
1
1
1
1
1
1
1
1
1
1
1
1
1
1
1
1
1
1
1
1
1
1
1
1
1
1
1
1
1
1
1
1
1
1
1
1
1
2
1
1
1
1
1
1
1
1
1
1
1
1
1
1
1
1
1
1
1
1
1
1
1
1
1
1
1
1
1
1
1
1
1
1
1
1
1
1
1
1
1
1
1
1
1
1
1
1
1
1
1
0
1
1
1
1
1
1
1
1
1
0
1
1
1
1
1
1
1
1
1
1
1
1
1
1
1
2
1
1
1
1
2
1
1
1
1
1
1
1
0
1
0
1
1
1
1
1
1
1
1
1
1
2
1
2
1
0
1
1
1
1
1
1
1
1
1
1
1
1
1
1
1
1
1
1
1
2
1
1
1
1
1
1
1
1
1
1
1
1
0
1
1
1
1
1
1
1
1
1
1
1
1
1
1
1
1
1
1
1
1
1
1
1
1
1
1
1
2
1
1
1
1
1
1
1
1
1
1
1
1
1
1
1
1
0
1
1
1
1
1
1
0
1
1
1
0
1
1
1
1
1
1
1
1
1
1
1
1
1
1
1
1
1
1
1
1
1
1
1
1
1
1
1
1
1
1
1
1
1
1
1
1
1
0
1
1
1
1
2
1
1
1
1
1
0
1
0
1
1
0
2
1
1
1
1
1
0
1
1
1
1
1
2
1
1
1
1
1
2
1
1
2
1
1
1
1
1
1
2
1
1
1
1
1
1
1
0
1
1
1
1
1
1
0
0
2
1
1
1
1
1
1
1
1
1
1
1
1
1
1
1
1
1
0
1
1
1
1
0
1
1
1
1
1
1
0
1
1
1
1
1
1
1
1
1
1
1
1
1
1
1
1
1
1
1
1
1
1
1
1
1
1
2
1
2
2
1
1
1
0
1
1
1
1
1
1
1
1
1
2
1
1
1
1
1
1
1
0
1
2
0
1
1
1
1
1
1
1
1
1
0
1
1
1
1
1
1
1
0
1
1
1
1
1
1
1
1
1
1
1
1
1
1
1
1
1
1
1
1
1
1
0
1
1
1
1
1
0
1
1
1
1
1
1
1
1
1
1
1
1
1
1
1
1
1
1
1
1
1
1
1
1
1
1
1
1
1
1
1
1
1
1
1
1
1
1
1
1
1
1
1
2
1
1
1
1
1
1
1
1
1
1
1
1
1
1
1
1
1
1
1
1
0
1
1
1
0
1
2
2
1
1
1
1
1
1
1
1
1
1
1
1
1
2
1
1
1
1
1
1
1
1
1
1
1
0
2
1
1
1
1
1
1
2
1
1
1
1
1
1
1
1
1
1
0
2
1
1
1
0
1
1
1
1
1
1
1
1
1
1
1
1
1
1
0
1
1
1
1
1
1
1
1
1
1
1
1
1
1
2
1
1
1
1
1
1
1
1
1
1
1
1
1
1
1
1
1
1
1
1
1
0
1
1
1
1
1
1
1
1
1
1
1
1
1
1
1
1
1
1
1
1
1
1
1
1
1
0
1
1
1
1
1
1
1
1
1
1
1
1
1
1
1
1
1
1
1
1
1
1
1
1
1
0
1
1
1
1
1
1
1
1
1
1
1
1
1
1
1
1
1
1
1
0
1
1
1
1
1
1
1
1
1
1
1
1
1
1
1
1
1
1
1
1
1
1
1
1
1
1
1
1
1
0
1
1
1
1
2
1
1
1
1
1
1
1
1
0
1
1
1
1
1
1
1
1
1
1
1
1
1
0
1
1
1
1
1
0
1
1
1
1
1
1
1
1
1
1
1
0
1
1
1
1
1
0
1
1
1
1
1
1
1
1
1
1
1
1
1
0
1
2
1
1
1
1
1
1
1
1
1
1
1
1
1
1
1
1
1
2
1
2
1
1
1
1
0
1
1
1
0
1
1
100
99
101
92
97
89
89
81
89
-33
31
-102
-78
-119
-115
-123
-124
-119
-123
-114
-117
-113
-114
-27
-91
67
31
94
86
99
99
99
100
93
96
90
90
83
90
-28
35
-101
-75
-119
-115
-122
-124
-119
-123
-114
-117
-113
-114
-32
-95
65
28
95
86
99
99
99
101
92
97
90
90
84
89
-27
38
-100
-74
-120
-115
-123
-124
-119
-123
-114
-117
-113
-114
-35
-97
64
25
95
84
100
99
99
101
92
97
90
90
85
89
-23
41
-99
-72
-119
-114
-123
-123
-119
-123
-114
-117
-113
-114
-40
-99
63
22
95
85
101
100
99
101
93
97
89
90
87
89
-20
44
-97
-70
-119
-114
-123
-124
-120
-124
-114
-117
-113
-116
-42
-101
61
20
93
83
99
98
99
101
94
97
90
90
87
89
-17
49
-97
-68
-119
-112
-123
-124
-120
-124
-115
-118
-113
-116
-46
-103
59
17
93
82
100
99
99
101
94
98
90
90
89
90
-14
50
-96
-66
-119
-113
-123
-124
-120
-124
-114
-118
-114
-116
-50
-105
57
14
93
81
100
98
100
101
94
97
90
90
89
89
-10
54
-94
-64
-118
-112
-123
-123
-120
-124
-114
-118
-113
-115
-55
-107
56
10
94
81
100
99
100
101
95
98
90
91
89
89
-8
56
-93
-62
-118
-112
-124
-123
-121
-124
-115
-118
-114
-116
-56
-108
54
8
92
79
99
98
100
101
94
98
90
91
90
90
-4
59
-91
-59
-117
-111
-123
-123
-120
-124
-115
-119
-113
-115
-60
-110
52
4
92
78
99
98
100
101
94
98
90
91
90
90
-2
61
-91
-57
-117
-110
-123
-123
-120
-124
-115
-119
-114
-116
-62
-110
51
3
92
78
99
98
100
100
95
98
90
91
90
90
2
64
-90
-55
-117
-110
-123
-123
-121
-124
-115
-120
-113
-115
-67
-111
48
-2
92
77
100
99
100
101
95
99
90
90
89
89
4
66
-88
-53
-117
-109
-123
-123
-120
-125
-115
-119
-114
-116
-68
-112
47
-3
91
75
99
98
100
100
95
98
90
91
91
90
9
70
-86
-49
-117
-109
-123
-122
-121
-125
-115
-120
-114
-116
-73
-112
44
-7
90
75
99
97
100
101
95
99
90
92
90
90
12
71
-85
-48
-117
-108
-123
-123
-121
-125
-115
-120
-114
-116
-74
-112
43
-10
90
74
99
97
100
100
96
98
90
92
90
90
15
74
-84
-46
-116
-107
-123
-122
-121
-125
-115
-121
-113
-116
-80
-113
39
-15
90
72
100
98
100
101
96
98
89
91
89
89
18
75
-82
-42
-115
-106
-123
-122
-121
-125
-116
-121
-114
-116
-82
-114
38
-17
88
71
99
96
100
100
96
99
90
92
90
90
25
78
-81
-38
-114
-104
-122
-122
-121
-125
-115
-121
-114
-115
-87
-113
34
-23
88
69
99
96
100
101
96
99
90
92
90
90
28
80
-77
-35
-115
-104
-122
-122
-122
-125
-115
-121
-114
-115
-89
-114
32
-26
87
67
99
96
100
100
96
99
90
92
90
89
33
82
-75
-30
-113
-102
-122
-122
-121
-125
-116
-121
-114
-116
-94
-114
27
-32
87
65
99
96
101
100
96
99
90
93
89
89
37
83
-73
-26
-113
-101
-122
-121
-122
-126
-116
-121
-115
-116
-96
-115
24
-36
85
63
98
95
100
99
96
100
90
93
89
89
43
85
-69
-21
-113
-99
-122
-121
-122
-125
-117
-122
-114
-116
-100
-114
20
-43
84
60
98
94
100
100
97
99
90
93
89
89
47
86
-66
-17
-112
-97
-122
-120
-122
-125
-117
-122
-114
-116
-102
-114
16
-48
83
58
97
93
99
100
96
99
90
94
90
90
52
88
-64
-12
-112
-96
-121
-120
-121
-125
-117
-122
-114
-116
-105
-114
11
-54
82
56
98
94
100
101
97
99
90
94
89
89
56
88
-61
-8
-110
-94
-121
-120
-122
-126
-117
-122
-115
-116
-106
-115
8
-58
80
53
97
92
100
99
97
100
91
94
90
90
61
89
-57
-3
-109
-92
-121
-118
-122
-125
-118
-122
-115
-116
-109
-115
3
-64
78
50
97
92
100
99
97
100
90
94
90
89
63
89
-54
2
-109
-90
-121
-119
-123
-125
-117
-122
-114
-116
-109
-114
-1
-68
76
48
97
91
100
99
97
100
91
95
90
89
69
89
-50
8
-107
-88
-120
-118
-123
-124
-118
-122
-114
-116
-111
-114
-6
-75
76
44
97
92
101
100
98
100
90
95
89
88
71
89
-46
13
-106
-85
-121
-118
-123
-124
-118
-122
-115
-116
-112
-115
-12
-79
73
41
96
89
99
100
98
100
92
96
90
90
75
90
-41
19
-105
-82
-120
-117
-123
-124
-118
-122
-114
-116
-112
-115
-17
-84
71
38
96
89
100
99
98
100
91
96
90
90
79
90
-38
24
-103
-81
-120
-116
-122
-124
-119
-123
-114
-117
-113
-115
-22
-87
69
35
95
87
100
99
98
101
92
96
90
89
81
89
-33
30
-102
-78
-120
-116
-123
-124
-119
-123
-114
-117
-112
-114
-29
-92
67
30
96
87
100
100
99
101
92
96
90
89
82
89
-29
35
-101
-76
-120
-115
-123
-124
-119
-123
-115
-117
-113
-116
-33
-94
65
27
95
85
99
98
99
100
93
97
-114
-115
-102
86
90
-20
44
-98
-70
-118
-113
-123
-124
-120
-124
-115
-118
-113
-115
-43
-101
60
19
93
83
100
98
99
101
93
97
90
90
88
89
-15
49
-96
-67
-119
-113
-123
-124
-120
-123
-114
-118
-113
-115
-49
-105
58
14
94
82
100
100
99
101
93
97
89
90
88
89
-11
53
-95
-65
-118
-112
-124
-123
-120
-124
-114
-118
-113
-116
-52
-106
56
11
93
80
99
97
99
100
94
97
90
91
89
90
-6
57
-92
-61
-118
-111
-123
-123
-120
-124
-115
-118
-113
-116
-57
-109
53
7
92
79
98
97
98
100
93
96
90
90
89
89
-3
60
-91
-58
-116
-111
-123
-123
-120
-124
-115
-119
-113
-115
-62
-110
49
2
89
75
97
96
98
99
93
97
87
89
88
87
2
63
-89
-54
-117
-109
-123
-122
-120
-124
-114
-119
-113
-115
-68
-111
46
-4
90
74
99
96
98
99
94
97
88
89
87
87
6
66
-87
-52
-116
-108
-122
-122
-120
-124
-114
-119
-113
-115
-71
-111
45
-6
89
74
98
95
98
99
94
97
89
90
89
88
12
71
-84
-47
-115
-106
-122
-121
-120
-124
-113
-119
-113
-115
-75
-112
41
-11
89
72
98
96
99
99
94
97
89
90
88
89
15
72
-83
-45
-115
-106
-121
-121
-120
-124
-114
-119
-112
-115
-79
-112
40
-13
88
71
98
96
99
99
95
97
89
91
89
88
19
74
-81
-41
-114
-105
-122
-121
-120
-124
-114
-119
-113
-114
-83
-112
36
-20
88
70
99
96
100
100
95
97
86
88
88
87
23
76
-78
-37
-113
-103
-121
-120
-121
-124
-116
-119
-113
-115
-86
-112
34
-21
88
69
98
96
99
99
95
98
87
90
88
87
28
78
-76
-33
-112
-101
-121
-120
-121
-124
-116
-120
-113
-115
-89
-113
31
-27
87
67
-128
-128
-99
-128
32
-128
-128
-128
-128
-128
-128
-128
-114
-128
25
-128
-128
-128
-128
-128
-128
-128
-127
-128
-128
127
24
-128
-117
-128
-128
-128
-107
-90
-120
-117
-122
-124
-117
-121
-114
-115
-109
-114
-3
-69
75
46
96
90
99
99
96
100
91
94
89
90
70
89
-48
10
-106
-86
-120
-117
-122
-124
-118
-122
-114
-115
-111
-114
-11
-78
73
42
97
90
100
100
97
100
91
95
89
88
73
88
-42
17
-105
-84
-119
-117
-122
-124
-118
-122
-113
-116
-112
-113
-16
-82
71
38
96
88
99
98
97
100
91
95
90
89
78
89
-36
26
-103
-80
-119
-116
-122
-123
-118
-122
-114
-116
-112
-114
-24
-89
68
33
95
87
99
98
98
100
92
96
89
90
82
89
-31
32
-101
-77
-119
-114
-123
-123
-118
-122
-114
-117
-112
-114
-31
-94
64
27
94
85
99
98
98
100
92
96
90
89
85
89
-25
39
-99
-73
-119
-114
-122
-123
-119
-123
-114
-117
-113
-114
-38
-100
62
21
94
84
100
99
99
100
93
97
89
89
86
89
-19
45
-97
-69
-118
-112
-123
-122
-119
-122
-114
-118
-113
-114
-44
-102
59
18
93
81
98
98
99
100
94
97
89
90
88
89
-13
52
-95
-65
-118
-112
-123
-123
-120
-124
-114
-117
-113
-115
-52
-105
55
11
92
80
99
98
99
100
94
96
89
90
89
89
-6
57
-92
-60
-117
-111
-123
-122
-120
-123
-114
-118
-113
-115
-57
-109
52
6
92
77
99
98
99
100
95
97
90
91
89
89
0
63
-90
-55
-117
-110
-122
-122
-119
-123
-114
-119
-113
-115
-66
-110
48
-1
92
77
100
98
100
101
95
98
89
90
89
89
6
67
-87
-52
-116
-109
-122
-123
-120
-125
-114
-119
-113
-115
-70
-112
45
-5
90
74
99
97
100
100
95
98
90
91
90
90
13
72
-84
-47
-115
-107
-122
-122
-121
-125
-115
-119
-113
-115
-79
-112
40
-13
89
72
98
96
100
100
95
98
90
91
90
89
19
75
-82
-41
-115
-106
-122
-122
-121
-125
-114
-120
-114
-115
-84
-113
37
-20
88
70
99
96
100
100
96
98
90
92
90
89
26
78
-78
-36
-114
-103
-122
-122
-121
-125
-115
-120
-113
-115
-90
-114
31
-27
87
67
99
97
101
101
96
99
90
93
89
90
33
81
-75
-30
-113
-102
-122
-121
-121
-125
-115
-121
-114
-116
-92
-114
28
-31
86
64
99
95
100
100
96
99
90
92
90
89
38
84
-71
-25
-113
-100
-122
-120
-121
-125
-116
-121
-114
-115
-98
-114
23
-38
84
61
98
94
99
100
96
99
90
93
90
89
44
86
-68
-20
-112
-99
-121
-121
-122
-125
-116
-121
-114
-115
-101
-114
17
-46
82
58
97
94
100
99
96
99
91
94
89
90
51
87
-63
-13
-111
-96
-121
-120
-122
-124
-116
-121
-114
-115
-105
-114
11
-55
81
56
99
94
101
100
97
100
91
94
89
89
56
88
-60
-9
-110
-93
-121
-119
-121
-125
-117
-121
-114
-116
-106
-115
8
-58
79
53
97
91
100
99
97
100
91
94
89
89
62
89
-54
-1
-109
-91
-121
-118
-122
-124
-118
-122
-114
-116
-109
-114
0
-67
76
48
97
91
100
99
97
100
91
95
90
89
68
89
-51
6
-107
-88
-120
-118
-122
-125
-118
-122
-114
-116
-111
-115
-7
-73
95
98
89
91
89
89
13
72
-84
-46
-115
-107
-122
-121
-120
-125
-115
-119
-113
-115
-80
-112
40
-14
89
72
100
98
100
101
95
98
89
91
89
89
21
76
-81
-40
-115
-105
-122
-122
-121
-124
-115
-120
-113
-115
-85
-113
34
-21
87
69
97
95
99
99
95
98
90
92
90
90
30
80
-76
-32
-113
-103
-122
-121
-121
-125
-115
-121
-114
-115
-93
-114
28
-31
86
65
98
95
100
100
96
99
90
93
89
90
40
84
-70
-24
-113
-99
-121
-121
-121
-125
-115
-121
-113
-115
-99
-114
20
-41
84
61
98
94
99
100
97
99
90
94
89
89
49
87
-65
-15
-111
-96
-121
-120
-122
-125
-116
-121
-113
-115
-104
-114
12
-53
82
56
98
94
101
100
96
100
90
93
89
89
56
87
-60
-7
-110
-93
-121
-120
-122
-124
-117
-122
-114
-115
-107
-114
6
-60
78
53
97
91
100
99
97
99
90
95
89
89
64
89
-54
1
-108
-90
-120
-118
-122
-124
-117
-121
-114
-116
-110
-114
-4
-70
75
46
96
90
99
99
97
100
91
96
90
89
71
89
-47
12
-106
-86
-121
-117
-122
-124
-118
-122
-114
-116
-112
-114
-11
-78
72
41
95
89
100
99
97
100
91
96
90
89
76
90
-39
21
-103
-81
-120
-116
-122
-124
-118
-122
-113
-115
-112
-114
-22
-87
70
35
96
88
100
100
98
100
92
96
89
89
80
88
-33
30
-102
-78
-118
-115
-123
-123
-118
-123
-114
-116
-113
-115
-29
-92
66
29
95
85
99
98
98
100
93
96
90
89
84
89
-25
39
-99
-73
-119
-114
-123
-123
-120
-124
-114
-117
-113
-114
-40
-99
61
21
94
83
99
99
99
100
93
97
89
90
86
89
-16
48
-96
-68
-118
-112
-123
-123
-120
-124
-114
-118
-113
-115
-49
-105
57
14
93
80
99
98
99
100
93
97
90
91
89
89
-7
56
-93
-61
-117
-111
-122
-123
-120
-124
-114
-118
-113
-114
-60
-109
52
5
93
79
100
99
100
100
94
97
89
90
89
89
0
63
-90
-55
-116
-110
-122
-122
-120
-124
-115
-119
-113
-116
-66
-111
48
-2
91
76
99
97
99
100
95
97
90
91
90
89
10
71
-86
-48
-116
-108
-123
-122
-121
-125
-115
-119
-113
-115
-77
-113
41
-12
90
72
99
96
100
100
95
98
89
91
90
90
21
75
-82
-41
-115
-105
-122
-121
-121
-125
-115
-119
-113
-115
-85
-113
36
-21
88
70
99
96
100
99
96
99
90
92
89
90
30
80
-76
-32
-114
-103
-122
-121
-121
-125
-115
-120
-114
-115
-93
-113
27
-32
87
65
99
96
101
101
96
99
90
92
89
89
38
83
-72
-26
-113
-100
-122
-121
-121
-125
-116
-121
-114
-115
-97
-114
23
-38
84
62
98
94
100
99
96
99
90
93
89
89
46
87
-66
-18
-112
-97
-121
-120
-122
-125
-116
-122
-114
-115
-103
-114
15
-49
82
58
98
94
100
100
97
99
91
94
89
89
54
88
-62
-10
-110
-95
-121
-119
-123
-125
-117
-121
-114
-115
-107
-114
8
-58
80
54
97
92
99
99
97
100
91
94
90
89
61
89
-56
-2
-109
-92
-121
-119
-122
-124
-117
-122
-114
-115
-109
-114
0
-67
78
49
98
92
100
100
97
100
91
95
89
89
66
89
-51
5
-107
-89
-121
-119
-122
-125
-117
-122
-114
-116
-111
-114
-5
-73
75
45
97
91
100
99
97
100
92
96
90
90
73
89
-45
15
-106
-85
-120
-117
-123
-124
-118
-123
-114
-116
-112
-114
-15
-81
72
39
96
89
100
99
98
100
91
96
90
89
77
89
-38
23
-103
-82
-120
-117
-123
-124
-119
-123
-114
-116
-113
-115
-22
-87
68
35
95
88
99
99
98
100
92
96
90
89
81
90
-32
31
-101
-78
-120
-116
-124
-124
-119
-123
-115
-117
-113
-114
-31
-94
66
28
96
86
100
100
98
101
92
96
89
89
84
89
-26
38
-99
-74
-119
-114
-123
-124
-119
-123
-114
-117
-113
-115
-37
-97
62
24
94
84
99
99
99
100
93
96
90
90
86
89
-19
45
-97
-70
-118
-113
-123
-123
-119
-124
-114
-117
-113
-115
-46
-103
59
17
93
81
99
98
99
100
93
96
90
90
88
89
-12
53
-94
-65
-118
-112
-123
-123
-120
-124
-114
-118
-113
-115
-53
-107
55
10
92
80
99
98
99
100
94
98
90
90
89
89
-3
60
-92
-59
-117
-111
-124
-123
-120
-124
-114
-119
-113
-115
-64
-110
50
2
92
78
100
98
100
100
94
97
90
90
89
88
4
65
-89
-53
-116
-109
-123
-122
-121
-124
-115
-119
-113
-116
-69
-111
46
-5
90
74
99
97
99
101
95
98
90
92
89
90
13
72
-84
-46
-116
-107
-122
-122
-121
-125
-115
-120
-113
-115
-80
-113
40
-14
89
72
99
97
100
100
95
98
90
92
90
89
22
77
-81
-39
-115
-105
-122
-122
-121
-125
-115
-120
-113
-115
-86
-114
34
-22
88
69
99
96
100
100
96
99
90
92
90
89
32
81
-75
-31
-114
-102
-123
-122
-121
-125
-116
-121
-113
-115
-94
-113
28
-33
87
65
99
96
100
101
96
99
89
92
89
89
-123
-124
-120
-124
-114
-117
-113
-115
-43
-102
60
19
93
82
99
98
99
100
93
97
90
90
87
89
-13
52
-95
-66
-119
-112
-123
-123
-120
-124
-114
-118
-113
-115
-53
-107
55
10
92
80
99
98
99
100
94
98
90
90
89
89
-4
59
-91
-59
-117
-111
-123
-123
-120
-124
-114
-118
-113
-116
-63
-110
50
2
91
77
99
97
99
101
94
97
90
90
90
89
5
67
-88
-52
-116
-109
-122
-122
-120
-125
-114
-119
-113
-115
-73
-112
44
-8
91
74
100
98
100
101
95
98
89
90
89
89
14
72
-85
-47
-116
-107
-122
-122
-120
-125
-115
-120
-113
-115
-78
-113
40
-13
89
72
99
96
99
100
96
99
90
92
90
90
23
77
-81
-39
-115
-105
-122
-122
-121
-125
-115
-120
-114
-114
-88
-114
34
-24
87
68
99
96
100
100
96
99
90
93
90
90
32
81
-75
-31
-114
-102
-122
-122
-121
-125
-116
-121
-114
-116
-94
-114
27
-32
86
64
99
95
100
100
96
99
90
93
90
90
41
85
-70
-22
-112
-99
-121
-121
-121
-125
-116
-122
-114
-115
-100
-113
19
-44
84
61
99
96
101
100
96
100
90
93
89
89
49
86
-66
-16
-111
-97
-122
-121
-122
-125
-117
-121
-114
-116
-104
-115
14
-50
81
56
98
93
100
99
96
100
90
93
90
89
56
89
-60
-7
-110
-93
-121
-119
-122
-125
-117
-122
-114
-116
-108
-114
5
-62
78
52
97
92
100
99
97
100
90
95
90
89
63
89
-54
1
-108
-90
-120
-119
-122
-125
-117
-122
-114
-116
-110
-115
-2
-70
76
47
97
90
100
100
97
100
91
95
90
90
70
90
-47
11
-107
-87
-120
-117
-123
-125
-118
-122
-115
-116
-113
-116
-10
-79
73
42
97
91
101
100
97
101
92
95
90
90
76
89
-41
20
-105
-84
-121
-117
-123
-124
-118
-122
-114
-116
-112
-115
-18
-85
70
37
96
88
100
99
98
100
92
96
90
90
81
90
-34
29
-102
-79
-120
-115
-123
-124
-119
-123
-114
-117
-113
-114
-28
-92
67
30
95
87
99
99
99
100
93
97
90
90
84
89
-27
37
-100
-74
-120
-115
-123
-124
-119
-124
-114
-117
-113
-115
-37
-97
63
24
94
84
99
99
99
101
93
97
90
90
87
89
-18
46
-97
-70
-119
-113
-123
-124
-120
-124
-114
-118
-113
-115
-46
-103
59
16
95
83
100
99
99
101
93
96
89
90
88
88
-12
52
-95
-65
-118
-112
-123
-123
-120
-124
-114
-119
-113
-115
-54
-107
52
8
86
75
93
91
95
94
96
96
95
94
92
95
-4
60
-92
-60
-117
-111
-123
-122
-120
-123
-115
-118
-112
-115
-62
-110
52
5
91
78
99
98
99
99
95
98
90
90
90
90
5
66
-88
-52
-116
-109
-122
-122
-120
-124
-114
-119
-114
-116
-72
-112
45
-6
90
74
98
97
97
98
93
96
89
90
90
90
13
72
-85
-47
-115
-107
-122
-122
-120
-124
-114
-118
-114
-115
-80
-113
38
-15
90
71
99
97
100
101
94
97
89
91
89
88
21
76
-81
-41
-115
-105
-122
-122
-120
-124
-114
-120
-114
-115
-85
-113
35
-21
88
70
98
95
98
98
96
98
89
93
89
88
30
80
-76
-32
-114
-102
-122
-121
-121
-124
-115
-120
-113
-115
-92
-114
29
-30
86
66
99
96
99
100
96
98
90
92
89
90
39
84
-71
-25
-113
-100
-122
-121
-122
-125
-115
-121
-114
-115
-97
-114
23
-39
84
62
98
95
100
100
96
99
91
93
89
90
46
86
-67
-17
-112
-97
-121
-120
-121
-125
-116
-121
-114
-116
-103
-114
16
-49
84
58
99
95
100
100
96
99
90
94
89
89
53
88
-62
-11
-111
-95
-121
-120
-122
-125
-117
-122
-114
-115
-105
-114
9
-57
79
53
97
92
99
99
97
99
89
94
88
88
60
88
-57
-2
-109
-91
-121
-119
-122
-125
-117
-122
-113
-116
-109
-113
-1
-68
76
48
96
90
98
98
95
98
90
93
89
89
66
88
-51
6
-107
-88
-119
-117
-122
-124
-117
-121
-114
-115
-111
-115
-6
-72
73
44
95
90
98
98
96
99
91
94
89
89
73
89
-44
16
-105
-85
-120
-116
-122
-124
-118
-122
-112
-115
-112
-112
-18
-84
69
37
96
88
99
99
98
101
90
94
89
88
76
87
-38
23
-103
-81
-119
-115
-122
-124
-118
-122
-114
-116
-112
-113
-22
-87
67
33
93
85
97
97
97
98
92
96
90
89
81
89
-31
33
-100
-76
-119
-115
-122
-123
-119
-122
-114
-117
-112
-114
-32
-94
64
26
93
83
98
98
97
99
92
95
89
88
84
88
-23
41
-98
-71
-118
-114
-122
-123
-118
-123
-114
-116
-112
-114
-41
-100
60
19
92
82
98
97
97
99
92
96
89
89
87
88
-15
49
-96
-67
-117
-111
-122
-122
-118
-123
-113
-117
-112
-114
-51
-105
56
12
92
80
99
98
98
100
93
97
88
88
87
87
-8
55
-92
-61
-117
-111
-122
-122
-119
-124
-114
-117
-112
-115
-58
-108
52
6
91
77
98
96
98
99
94
96
89
90
89
89
2
62
-89
-54
-115
-109
-121
-122
-119
-124
-114
-118
-82
-113
38
-17
89
71
99
97
100
100
96
99
91
93
91
90
26
78
-78
-35
-114
-103
-122
-121
-121
-125
-115
-121
-114
-115
-89
-114
32
-25
87
67
99
96
100
100
97
100
90
94
90
91
35
84
-73
-28
-113
-101
-122
-121
-121
-125
-115
-121
-114
-115
-97
-113
24
-37
85
63
100
96
102
101
97
100
90
94
89
90
43
86
-69
-21
-112
-99
-122
-121
-122
-125
-116
-122
-114
-116
-100
-115
19
-44
83
60
99
95
100
100
97
100
91
94
90
91
52
88
-64
-12
-111
-96
-122
-120
-122
-125
-117
-122
-114
-116
-105
-115
11
-55
81
55
98
94
100
100
98
100
91
95
90
90
59
90
-59
-5
-110
-93
-122
-119
-122
-125
-117
-122
-115
-116
-108
-115
4
-63
79
51
98
92
101
100
98
100
91
95
90
90
65
90
-53
3
-108
-90
-121
-119
-122
-125
-118
-122
-114
-116
-111
-114
-4
-72
76
46
98
91
101
101
98
101
92
96
90
89
70
90
-47
11
-107
-87
-121
-118
-123
-125
-118
-123
-114
-117
-112
-115
-11
-79
73
42
96
89
100
100
98
101
92
96
91
90
77
90
-40
21
-105
-83
-120
-117
-123
-124
-119
-123
-114
-117
-113
-115
-21
-87
69
35
96
88
100
99
98
100
92
96
90
90
82
90
-33
30
-102
-78
-120
-117
-123
-124
-119
-123
-115
-117
-113
-115
-30
-94
66
29
95
85
99
99
98
101
93
97
90
90
86
90
-24
40
-100
-73
-119
-114
-124
-124
-120
-124
-115
-117
-113
-115
-42
-101
61
20
95
84
101
100
99
101
93
97
90
89
87
90
-17
48
-97
-68
-118
-113
-123
-124
-120
-124
-114
-118
-114
-116
-49
-105
58
15
93
80
99
98
99
100
94
98
90
90
89
90
-8
56
-93
-62
-118
-112
-123
-123
-120
-124
-115
-119
-113
-116
-59
-109
52
5
92
79
99
98
99
100
95
98
89
91
89
89
0
62
-90
-56
-117
-110
-123
-123
-120
-124
-115
-119
-113
-116
-68
-111
47
-3
90
75
99
97
100
100
95
98
90
91
90
89
11
70
-86
-48
-116
-108
-122
-123
-120
-124
-115
-120
-113
-115
-79
-112
40
-14
90
72
99
97
100
100
95
98
89
91
89
88
20
76
-81
-41
-115
-105
-122
-122
-120
-124
-115
-119
-114
-116
-86
-114
34
-22
87
69
98
96
99
99
95
98
90
92
90
89
31
80
-76
-32
-114
-102
-122
-122
-120
-125
-115
-121
-113
-115
-93
-114
27
-33
85
64
98
95
100
99
95
98
90
93
89
89
40
84
-70
-24
-112
-99
-122
-120
-121
-125
-116
-121
-113
-115
-100
-114
19
-43
83
59
97
94
99
99
96
99
90
93
89
89
50
87
-65
-14
-111
-96
-122
-120
-122
-125
-117
-122
-114
-115
-105
-113
10
-55
81
55
98
94
100
100
96
100
89
93
89
88
58
88
-58
-5
-109
-92
-121
-119
-122
-124
-117
-121
-114
-115
-108
-114
2
-63
77
50
96
91
99
99
97
99
90
94
89
89
66
89
-50
6
-107
-89
-120
-117
-122
-124
-117
-122
-114
-116
-110
-114
-6
-73
74
44
96
90
100
99
97
99
91
95
89
88
73
88
-44
15
-105
-84
-120
-116
-122
-124
-117
-121
-114
-116
-112
-114
-16
-83
70
38
95
87
99
99
97
100
91
95
90
89
79
89
-36
26
-103
-80
-119
-116
-122
-123
-118
-122
-113
-115
-112
-113
-27
-90
67
31
96
87
100
99
98
100
92
95
89
88
82
88
-28
35
-100
-75
-119
-114
-122
-123
-119
-123
-113
-116
-113
-115
-35
-96
63
25
93
83
99
98
98
100
92
96
90
89
86
88
-19
45
-97
-68
-117
-112
-122
-123
-118
-123
-113
-117
-112
-114
-46
-102
59
17
93
81
98
97
98
100
93
96
89
90
88
89
-11
52
-95
-64
-117
-112
-123
-122
-120
-123
-113
-117
-113
-114
-54
-107
54
9
92
78
99
97
99
100
93
97
89
89
89
89
-3
60
-90
-58
-116
-110
-122
-122
-120
-124
-114
-118
-112
-114
-65
-110
49
0
92
77
99
98
99
100
93
97
88
90
88
88
6
66
-87
-51
-116
-108
-122
-121
-120
-124
-114
-118
-113
-115
-72
-112
43
-7
89
74
98
97
99
100
95
98
89
92
89
89
16
73
-83
-45
-115
-107
-122
-122
-120
-124
-114
-120
-113
-115
-81
-112
38
-16
88
71
98
96
100
99
95
98
89
91
89
89
24
77
-79
-37
-114
-104
-122
-121
-120
-125
-115
-120
-113
-115
-87
-113
33
-24
87
68
98
95
99
99
96
99
89
92
89
89
32
81
-75
-31
-113
-101
-122
-121
-121
-124
-115
-120
-113
-115
-94
-113
26
-33
86
64
99
96
100
100
96
99
89
93
89
89
39
84
-71
-24
-112
-100
-121
-121
-121
-124
-115
-120
-113
-115
-97
-114
22
-40
84
61
98
94
100
100
96
99
90
93
89
90
47
87
-66
-17
-112
-97
-121
-120
-121
-125
-116
-121
-114
-115
-102
-114
15
-49
82
58
98
94
100
100
97
100
90
94
90
90
74
45
94
88
98
97
96
98
90
93
88
88
69
88
-46
11
-104
-85
-118
-116
-57
-4
-109
-92
-120
-118
-122
-125
-117
-122
-113
-115
-108
-113
2
-65
79
50
98
93
101
101
97
100
91
95
90
89
64
89
-53
3
-108
-90
-121
-118
-122
-124
-118
-122
-114
-116
-109
-114
-3
-69
77
46
97
91
100
100
98
100
91
95
89
89
70
90
-48
11
-106
-86
-120
-117
-122
-124
-118
-122
-114
-116
-111
-115
-10
-77
73
42
96
90
100
100
98
100
92
96
90
89
74
90
-43
16
-105
-85
-120
-117
-123
-124
-118
-122
-114
-116
-112
-115
-15
-81
72
40
96
89
100
99
98
101
92
96
90
89
78
90
-39
22
-104
-82
-120
-116
-123
-124
-119
-122
-114
-116
-112
-114
-22
-87
70
35
96
89
100
100
99
101
92
97
89
89
80
90
-34
28
-102
-79
-119
-116
-123
-124
-118
-123
-114
-116
-112
-115
-27
-91
67
31
95
87
100
99
98
101
93
96
90
90
84
90
-28
36
-100
-75
-120
-115
-123
-124
-120
-124
-114
-117
-113
-115
-34
-96
65
26
95
85
100
99
100
100
93
97
90
90
86
90
-23
42
-98
-72
-119
-114
-123
-123
-119
-124
-115
-117
-113
-115
-40
-100
62
21
94
83
100
99
99
101
94
97
90
91
88
89
-17
48
-97
-68
-119
-112
-123
-123
-120
-124
-114
-118
-113
-115
-48
-104
59
15
94
83
101
100
100
101
94
97
89
90
88
89
-12
52
-95
-65
-118
-112
-123
-123
-120
-124
-115
-118
-114
-115
-52
-106
57
12
92
80
99
98
99
100
94
98
90
91
90
90
-6
58
-92
-60
-118
-112
-123
-123
-120
-124
-114
-119
-113
-116
-59
-108
52
6
92
79
100
98
100
101
94
98
90
91
90
90
-1
61
-91
-57
-117
-111
-123
-123
-120
-124
-115
-119
-113
-116
-65
-111
49
-1
91
76
100
97
100
101
95
98
90
91
90
89
7
68
-88
-52
-116
-108
-123
-123
-120
-125
-115
-120
-113
-115
-72
-112
45
-7
91
75
100
98
100
101
95
98
89
91
89
89
12
71
-85
-48
-116
-108
-123
-123
-121
-125
-115
-120
-114
-115
-78
-113
41
-12
89
72
99
97
100
100
96
98
90
92
90
90
20
76
-82
-41
-115
-105
-122
-122
-121
-125
-115
-120
-113
-116
-83
-113
36
-19
88
70
100
96
100
100
95
99
90
92
90
89
26
78
-79
-36
-114
-104
-122
-122
-121
-125
-115
-120
-114
-116
-89
-114
32
-25
87
68
99
96
100
100
96
99
90
92
90
90
33
82
-75
-29
-114
-102
-122
-121
-121
-125
-116
-121
-114
-115
-95
-113
25
-35
87
65
100
96
101
100
96
100
90
93
90
90
40
84
-71
-25
-112
-100
-122
-121
-121
-125
-116
-121
-114
-115
-98
-113
21
-41
84
61
98
94
100
100
96
99
91
94
90
90
48
87
-66
-17
-112
-97
-121
-120
-122
-125
-116
-121
-115
-116
-102
-114
15
-49
82
58
98
94
100
100
97
100
90
95
89
90
53
88
-63
-10
-111
-94
-121
-120
-122
-125
-117
-122
-114
-116
-105
-114
9
-56
80
54
97
93
100
100
97
100
90
94
90
89
60
88
-57
-3
-109
-92
-121
-119
-122
-125
-117
-122
-114
-115
-108
-114
0
-66
79
50
98
92
101
100
97
100
90
95
89
89
65
89
-52
4
-108
-89
-120
-118
-122
-124
-118
-121
-114
-116
-111
-115
-4
-72
76
46
96
90
100
99
97
100
91
95
90
89
71
90
-46
13
-106
-86
-120
-117
-122
-124
-118
-122
-114
-116
-112
-115
-13
-80
72
40
96
88
100
99
98
100
92
95
90
89
76
89
-40
21
-104
-82
-120
-117
-123
-124
-118
-123
-115
-116
-112
-115
-19
-85
70
36
95
87
99
99
98
100
92
96
90
89
80
90
-34
29
-102
-79
-119
-115
-123
-124
-119
-123
-114
-116
-112
-114
-30
-93
66
29
96
87
100
100
99
101
92
96
90
89
84
89
-27
37
-99
-74
-119
-114
-123
-124
-119
-123
-114
-117
-113
-115
-36
-97
63
24
94
84
99
99
98
100
93
96
90
89
86
89
-19
46
-97
-69
-119
-113
-123
-123
-119
-123
-114
-118
-112
-115
-46
-103
59
17
93
83
99
98
99
101
93
97
90
90
88
89
-12
52
-94
-64
-118
-112
-123
-123
-119
-124
-114
-118
-113
-115
-53
-106
55
11
92
80
99
98
99
101
94
97
89
90
89
89
-4
58
-92
-59
-117
-111
-123
-123
-120
-124
-114
-118
-113
-115
-63
-110
50
2
92
78
100
98
100
100
94
98
89
91
89
89
3
64
-88
-53
-117
-109
-122
-123
-120
-124
-114
-119
-113
-115
-69
-111
46
-4
90
76
98
96
99
100
95
98
90
91
89
89
12
71
-85
-48
-115
-106
-122
-122
-120
-124
-115
-119
-113
-115
-77
-112
41
-12
89
72
99
96
100
100
95
99
90
92
90
89
20
76
-81
-42
-115
-106
-122
-122
-121
-125
-115
-120
-113
-115
-84
-114
36
-20
87
69
98
96
99
100
95
98
90
93
89
90
29
80
-77
-34
-114
-103
-122
-121
-121
-125
-115
-120
-113
-115
-92
-113
29
-30
87
66
100
96
101
100
96
100
90
92
89
89
36
83
-73
-27
-114
-101
-122
-121
76
100
98
100
101
95
98
89
91
89
89
11
71
-85
-48
-116
-108
-122
-122
-121
-125
-115
-120
-113
-115
-75
-112
42
-11
89
73
99
96
100
100
95
98
90
92
90
90
19
75
-82
-43
-116
-106
-122
-122
-121
-124
-115
-120
-113
-115
-82
-113
38
-17
89
71
99
96
100
100
95
99
90
92
90
89
24
77
-80
-38
-114
-105
-123
-122
-121
-125
-115
-120
-113
-115
-87
-114
34
-23
88
69
99
95
100
100
96
99
89
93
90
89
30
80
-76
-33
-114
-103
-122
-122
-121
-125
-116
-121
-113
-115
-92
-113
29
-29
87
66
100
97
100
101
96
99
90
92
89
89
35
82
-74
-29
-113
-101
-122
-121
-121
-125
-116
-121
-114
-117
-95
-114
26
-34
85
64
98
95
101
100
97
99
90
93
90
90
41
86
-70
-23
-112
-100
-122
-121
-121
-125
-116
-121
-114
-116
-99
-114
21
-41
84
60
98
94
100
100
97
99
90
94
90
90
47
87
-67
-18
-112
-98
-121
-121
-122
-125
-116
-121
-114
-116
-102
-114
17
-48
82
58
98
93
100
100
97
100
91
94
90
89
53
88
-63
-12
-111
-95
-121
-120
-123
-125
-117
-121
-114
-115
-105
-113
10
-56
81
55
99
94
101
101
97
100
91
94
89
89
58
88
-59
-6
-110
-93
-122
-119
-122
-125
-117
-122
-114
-116
-107
-115
6
-61
79
52
97
92
100
100
98
100
91
95
90
90
63
89
-54
1
-108
-90
-121
-119
-123
-124
-118
-122
-114
-116
-109
-114
-1
-68
77
48
97
91
100
100
98
100
91
95
89
89
68
89
-50
7
-107
-88
-121
-118
-123
-125
-117
-122
-114
-116
-111
-115
-6
-74
75
44
96
90
100
99
98
100
91
95
90
90
73
90
-45
15
-106
-85
-120
-117
-123
-124
-118
-123
-114
-116
-111
-114
-15
-81
73
39
97
90
100
100
98
101
91
95
89
89
76
89
-40
20
-104
-82
-120
-117
-123
-125
-118
-123
-114
-116
-113
-115
-19
-85
70
37
95
88
99
100
98
100
93
96
90
90
80
90
-35
27
-103
-79
-120
-116
-123
-124
-119
-123
-114
-116
-113
-115
-26
-90
67
32
95
87
100
99
98
101
93
96
89
89
83
90
-30
34
-101
-76
-119
-115
-123
-124
-119
-122
-114
-117
-113
-115
-33
-95
64
26
94
86
100
99
99
101
93
97
90
90
85
90
-23
41
-99
-72
-119
-114
-123
-124
-120
-123
-114
-117
-113
-115
-41
-100
62
21
95
84
100
100
99
101
93
97
89
90
87
89
-18
47
-97
-69
-118
-113
-123
-124
-119
-123
-114
-118
-113
-116
-47
-104
59
16
93
81
99
98
99
101
94
97
90
91
89
89
-11
54
-95
-64
-118
-112
-123
-123
-120
-124
-114
-119
-114
-115
-54
-107
55
10
93
80
99
99
99
100
94
98
89
91
90
90
-5
59
-92
-59
-118
-111
-123
-123
-120
-124
-114
-119
-113
-115
-62
-110
50
3
91
76
99
97
98
100
93
96
88
89
89
88
2
64
-89
-55
-117
-109
-123
-123
-120
-124
-114
-119
-113
-115
-69
-111
45
-5
90
75
98
96
98
99
94
97
89
90
88
88
9
68
-86
-50
-116
-108
-122
-122
-120
-124
-114
-119
-113
-115
-75
-112
41
-11
88
71
98
95
98
98
94
96
89
90
89
89
17
73
-83
-43
-114
-106
-122
-121
-120
-124
-115
-119
-113
-115
-82
-113
37
-18
87
70
97
95
99
99
94
97
89
91
89
89
24
77
-79
-38
-114
-104
-122
-121
-120
-125
-115
-120
-113
-115
-87
-113
33
-23
86
67
98
95
99
99
95
98
89
92
89
89
31
81
-76
-32
-113
-102
-121
-121
-121
-124
-114
-120
-113
-114
-93
-114
27
-32
86
65
99
95
100
100
95
99
89
92
88
88
37
82
-72
-26
-112
-100
-121
-120
-120
-124
-115
-120
-114
-115
-97
-113
23
-38
84
62
97
94
99
99
96
99
89
92
89
89
44
86
-67
-19
-112
-97
-121
-120
-121
-124
-115
-121
-113
-114
-101
-114
18
-45
82
59
97
93
99
100
96
99
90
93
89
89
50
88
-64
-14
-110
-95
-121
-120
-122
-124
-115
-121
-114
-115
-103
-114
13
-52
81
56
97
92
99
99
96
99
90
93
90
89
56
87
-60
-7
-109
-93
-121
-119
-121
-125
-117
-121
-113
-115
-107
-113
5
-61
79
52
98
93
100
100
96
100
90
93
89
89
61
88
-56
-1
-108
-91
-121
-118
-122
-124
-117
-121
-114
-116
-108
-114
2
-65
77
49
96
91
100
99
96
99
90
94
89
88
67
89
-51
6
-106
-88
-120
-118
-122
-124
-117
-121
-115
-116
-109
-115
-5
-71
75
44
96
90
99
99
97
100
91
95
90
89
71
89
-47
12
-106
-86
-120
-117
-122
-124
-118
-122
-114
-116
-111
-114
-12
-78
73
41
96
89
100
99
97
99
92
95
90
89
75
90
-41
19
-104
-83
-119
-116
-122
-124
-117
-122
-113
-116
-111
-113
-20
-86
70
37
96
89
101
100
99
101
91
95
89
88
78
90
-36
25
-102
-81
-119
-116
-122
-123
-118
-123
-114
-116
-112
-114
-23
-88
68
33
95
87
100
99
98
100
92
84
89
-26
39
-99
-74
-119
-114
-123
-123
-119
-124
-114
-117
-113
-114
-38
-97
61
21
88
78
93
91
95
95
95
96
95
93
89
95
-20
44
-98
-70
-117
-112
-122
-122
-118
-123
-114
-116
-112
-114
-43
-102
61
20
94
83
99
98
98
100
92
97
89
89
87
89
-15
49
-96
-67
-117
-112
-123
-123
-119
-124
-114
-117
-113
-115
-50
-105
58
13
92
81
97
97
96
98
92
94
89
88
89
89
-10
54
-94
-63
-117
-112
-122
-122
-119
-123
-115
-117
-112
-117
-53
-105
54
9
92
79
98
97
97
99
93
95
88
89
89
89
-6
58
-91
-60
-117
-111
-122
-122
-119
-123
-114
-118
-113
-114
-59
-109
52
5
91
78
97
96
98
98
94
98
88
89
89
88
0
62
-89
-55
-116
-109
-122
-122
-120
-123
-114
-119
-113
-114
-68
-110
47
-3
92
75
100
99
100
101
95
98
88
91
89
88
6
66
-87
-51
-116
-108
-122
-122
-119
-123
-114
-119
-112
-115
-70
-111
44
-6
90
74
99
97
99
100
94
98
90
91
89
89
12
71
-85
-47
-115
-107
-121
-122
-120
-124
-115
-119
-113
-115
-75
-112
41
-12
89
73
99
96
99
100
95
97
89
91
89
89
17
74
-83
-43
-115
-106
-122
-122
-120
-124
-115
-120
-113
-115
-81
-113
38
-16
88
70
98
96
100
100
95
98
90
91
90
90
23
76
-80
-39
-114
-105
-122
-121
-120
-124
-115
-120
-113
-115
-86
-112
34
-22
88
69
99
96
100
100
95
99
90
91
89
89
28
80
-78
-35
-114
-103
-122
-121
-121
-124
-116
-120
-115
-116
-88
-113
31
-25
87
67
98
95
99
99
96
98
90
93
90
89
34
82
-74
-29
-113
-101
-122
-120
-121
-125
-115
-121
-114
-114
-95
-115
26
-33
85
63
98
94
100
100
95
98
89
91
88
88
39
83
-71
-25
-113
-99
-121
-121
-121
-125
-115
-122
-114
-116
-98
-113
20
-40
82
59
97
93
100
99
97
100
90
93
89
90
45
85
-68
-19
-111
-97
-121
-120
-121
-125
-115
-121
-113
-115
-101
-113
16
-48
83
59
98
94
101
100
96
99
89
93
89
88
49
85
-65
-15
-111
-96
-121
-119
-121
-124
-115
-121
-114
-115
-104
-114
13
-51
81
56
96
92
99
98
97
99
89
93
89
89
56
87
-61
-9
-109
-93
-121
-119
-121
-124
-116
-121
-114
-115
-106
-113
7
-58
79
53
96
91
99
99
96
99
90
94
-109
-115
-116
-120
-120
-123
-122
-124
-121
-122
-118
-120
-115
-116
-114
-115
-113
-114
-112
-112
-101
-80
-49
-16
12
36
55
68
80
86
91
95
96
98
98
99
98
99
97
97
96
95
93
91
89
89
89
88
88
88
87
74
51
21
-10
-37
-60
-80
-91
-102
-109
-115
-116
-121
-120
-124
-122
-124
-121
-122
-119
-120
-116
-115
-113
-114
-113
-113
-112
-112
-104
-84
-53
-21
8
34
52
66
79
86
92
95
97
99
99
100
100
100
99
97
96
94
92
90
89
88
88
87
88
88
87
75
53
23
-7
-36
-59
-78
-91
-102
-108
-115
-116
-120
-120
-123
-122
-124
-121
-122
-119
-120
-116
-116
-114
-115
-113
-114
-112
-112
-104
-84
-54
-22
7
32
52
66
78
84
90
94
96
98
98
99
99
99
98
97
96
95
92
91
89
89
88
89
89
88
87
77
57
27
-4
-33
-56
-75
-89
-101
-107
-114
-116
-120
-120
-123
-121
-124
-121
-122
-119
-120
-116
-116
-114
-116
-114
-114
-112
-112
-105
-88
-58
-26
4
30
50
65
77
84
90
94
95
98
98
99
98
99
98
98
96
94
93
91
90
88
88
88
88
87
87
78
59
29
-2
-30
-55
-76
-89
-100
-107
-113
-116
-120
-120
-123
-122
-124
-121
-122
-119
-120
-117
-116
-114
-116
-113
-114
-112
-113
-106
-88
-60
-28
2
28
49
63
76
83
89
93
95
98
98
98
99
99
98
97
96
95
94
91
89
88
89
88
89
88
88
79
61
32
1
-29
-52
-74
-88
-99
-107
-114
-116
-120
-119
-123
-122
-124
-121
-122
-119
-120
-116
-116
-114
-114
-113
-114
-112
-112
-68
-1
74
-65
-113
-121
-124
110
106
2
42
39
-101
61
-94
99
-115
-49
10
0
-116
114
36
104
54
-125
-52
-17
-72
127
-100
-58
93
-83
1
-128
-121
-128
-97
-112
60
-21
95
-27
-113
-128
107
-88
-110
125
124
-122
-67
76
-67
-16
-69
-121
95
-34
-55
-72
-122
115
-74
-36
10
65
110
-29
120
81
104
81
-121
-72
-67
-96
99
-113
-116
-1
-71
126
73
-29
-75
-117
65
-99
-99
17
15
81
-93
-68
35
-107
52
24
-70
34
83
-30
-121
-65
-112
-65
-101
-125
-104
-65
-116
-72
-91
110
-80
77
-19
-16
104
-127
-8
98
-39
5
120
2
-121
-98
122
-7
-18
-125
-16
-65
-4
-46
37
25
94
66
77
-88
-17
72
-39
115
62
81
10
-20
120
-121
-54
-63
-66
-90
-47
-115
-68
-60
-63
-120
-30
-2
72
-83
-122
-90
-112
19
-125
39
85
89
82
-80
-60
-33
-59
113
-68
31
40
127
-32
-123
-65
-4
-128
34
88
-15
-69
34
43
115
-25
9
-21
-79
-7
-93
-38
-125
91
-59
102
-13
3
91
0
108
36
41
108
-45
37
-43
-43
-123
-74
-85
10
42
17
81
-44
-50
-38
123
-123
-123
112
127
68
-29
42
47
50
48
-35
46
83
-26
-91
88
-37
109
10
34
90
122
-62
106
-49
-61
83
-25
121
101
37
-124
42
-99
115
-83
90
68
53
-94
26
80
50
-42
36
75
87
17
115
-33
71
-89
0
-100
-40
45
123
6
-56
97
122
-61
38
26
-22
44
87
87
33
93
37
-39
51
91
94
-6
-23
-28
-123
-60
90
22
107
-81
-22
49
17
72
-76
69
-38
87
22
43
24
61
-53
34
-112
93
97
57
44
73
96
127
-79
115
-126
48
75
4
105
46
42
-43
106
-108
80
-43
10
42
42
43
70
-107
-40
-93
-47
88
24
105
-97
108
-38
-22
50
96
45
57
32
-43
-78
7
99
-104
-85
-127
-118
-61
43
65
-52
74
64
54
17
22
74
77
-82
39
-110
-40
-50
84
115
53
42
74
9
73
21
28
124
-99
-29
-13
-65
-85
-100
113
27
-67
126
79
18
-115
67
8
-29
41
-111
54
-92
42
-94
-105
-55
103
28
-126
84
-105
72
28
-128
26
56
-69
109
-11
61
-68
-110
-115
-48
77
106
-42
-30
86
-34
-79
-66
122
-4
-125
46
64
3
112
-65
-82
-12
95
-97
-126
-124
-44
-84
41
7
-93
34
85
-37
98
114
93
101
-83
75
9
-125
-49
-40
-127
23
-114
-96
-18
-29
92
-1
-65
-41
-23
75
-64
-78
-2
-112
-113
-97
-65
64
-112
-1
-125
-97
127
112
-65
-13
-128
-16
-76
-106
-109
114
7
19
117
-33
-99
34
40
127
-112
-81
65
-5
-11
127
71
-121
-128
-99
-65
-128
-113
-114
-127
-97
-1
-121
-56
112
60
-65
-121
-121
95
120
-4
-98
4
-126
0
-64
-65
-125
-81
54
99
43
-83
93
-118
-54
46
-38
-109
123
-29
88
24
125
-15
11
-105
51
-75
-93
-17
-103
119
120
89
80
-18
-104
-36
-2
123
-60
36
70
104
-17
-108
19
90
101
-9
-110
90
6
61
-124
51
124
-77
94
63
11
66
115
-122
-99
9
-126
-33
-22
-46
-100
47
-5
-93
115
-100
125
-16
-111
64
-94
-40
-128
-96
12
29
112
-16
103
84
70
-42
-76
72
87
117
100
-81
48
22
-119
68
-79
-62
15
-116
72
-118
14
104
-2
-127
127
-82
-74
95
-127
-80
-121
-69
96
-19
-68
-65
-101
106
-98
29
-38
-89
65
-128
-10
-103
112
-16
-41
11
55
90
74
54
17
51
36
-128
-34
-9
68
85
-121
36
86
-125
61
112
1
-125
-112
-95
-27
75
125
47
-127
-112
-93
-32
72
-87
-7
-120
94
-39
89
116
80
-56
79
-65
64
-28
40
-86
-121
-74
-126
-62
-102
71
-118
75
23
71
-110
-35
-71
-89
22
-16
-1
-121
-100
-121
95
-114
15
-125
-65
76
-30
-109
8
105
111
-115
85
-44
69
-11
-7
43
107
-91
-22
54
-51
87
-58
-39
-57
-31
127
-113
-64
65
-74
88
-65
-76
-25
-128
71
-117
120
100
-89
-105
119
-121
-96
-52
-46
-4
-45
59
-39
-81
-97
92
-68
-47
-1
-128
-37
37
53
6
-5
11
50
89
42
60
32
-91
112
45
86
9
50
-104
-128
-97
-125
-65
79
-125
51
68
0
-113
8
-122
-118
-5
114
-72
-81
-28
-12
-13
-29
127
60
66
15
-50
-104
81
-66
-107
-49
-58
-100
127
72
-4
115
1
-41
-91
20
113
-12
-34
9
49
-96
-72
125
-97
14
127
-115
120
68
112
62
113
9
63
-121
120
-67
39
82
-71
87
-100
-64
113
64
25
24
-12
66
98
-8
37
76
-8
-113
-89
112
96
-15
3
-29
-60
16
124
-120
-80
-27
-113
86
-14
-27
-101
10
-62
113
-90
-128
-65
-32
-1
-125
127
32
-113
-99
-127
-29
63
-112
73
-126
103
2
-125
63
65
125
-29
7
-106
-121
-8
-5
-65
-100
-128
-31
-128
64
-105
-128
-70
120
-128
-98
-97
74
49
-125
73
-117
-36
-7
116
-126
67
127
-55
-33
-1
103
116
-68
-1
-8
-50
112
127
-98
-71
48
60
-40
92
-119
-40
-40
-40
-68
-109
-33
-1
67
4
-9
-29
-53
101
121
31
21
-77
-3
-57
-16
-56
-40
-69
0
70
52
-123
-124
99
50
50
82
34
53
-28
-6
-113
-112
61
-64
27
-113
-63
-112
-80
99
-101
-121
-128
126
-18
50
69
-63
126
-99
-11
90
3
52
-82
24
60
-45
34
8
-2
42
-53
106
26
-55
88
55
-83
-39
-30
127
84
-105
107
108
60
20
20
55
38
-19
3
34
-74
44
103
124
18
-94
-32
46
-30
-38
8
-75
59
-21
29
105
54
22
74
-117
-38
-124
74
81
57
-51
-93
-1
-67
2
32
-104
-20
107
73
10
-44
-106
-62
-26
-42
10
88
-92
62
22
-105
72
-106
121
98
69
-22
-31
118
-84
-100
-83
100
88
17
56
9
39
19
11
85
10
18
41
6
58
42
-113
-116
15
59
92
92
89
79
-127
117
-3
-66
-128
-96
108
71
114
46
108
55
45
54
-83
37
-1
-128
