1
1
1
1
1
1
0
0
1
1
1
1
1
1
1
1
1
1
1
1
1
1
1
1
1
1
1
1
1
1
1
1
1
1
1
1
1
1
1
1
1
1
1
1
1
1
1
1
1
1
1
1
1
1
1
1
1
1
1
1
1
1
0
1
0
1
1
1
1
1
1
1
1
1
1
1
1
1
1
0
1
1
1
1
1
0
0
2
1
1
1
0
1
1
1
1
1
1
1
1
1
1
1
1
1
1
1
1
1
1
0
1
1
1
1
1
1
1
1
1
1
1
1
1
1
1
1
0
1
1
1
1
1
1
1
1
1
1
1
1
1
1
1
1
1
1
1
1
0
1
1
1
1
1
1
1
1
1
0
1
1
1
1
1
1
1
0
0
0
1
1
0
1
1
1
1
1
1
1
1
1
1
1
0
1
1
1
1
2
1
1
1
1
1
1
0
1
1
1
0
1
1
1
1
1
1
1
1
1
1
1
1
0
1
1
1
0
1
1
1
1
1
1
1
1
1
1
1
1
1
1
2
1
1
1
1
1
1
1
1
1
1
1
1
1
1
1
1
1
0
0
1
1
1
1
1
1
1
1
1
1
1
1
1
1
1
1
1
1
1
1
0
1
1
1
1
1
1
1
1
1
1
0
1
1
1
1
1
1
1
1
1
1
1
1
1
1
1
1
1
1
1
1
1
1
1
1
1
1
1
0
1
1
1
1
1
1
1
1
1
1
1
1
1
1
1
1
1
1
1
1
1
1
1
1
0
1
0
1
1
1
1
1
1
1
1
1
1
1
1
1
1
1
1
1
1
1
1
1
0
1
0
1
1
1
1
2
1
1
1
1
2
1
1
1
1
1
1
1
1
1
1
1
1
1
1
1
1
1
0
1
1
1
1
1
1
1
1
0
1
1
1
1
1
1
1
0
1
1
1
1
1
1
2
1
1
1
1
1
1
1
1
1
1
1
1
1
1
1
1
1
1
1
1
1
1
1
1
1
1
1
1
1
1
1
1
1
1
1
1
1
1
1
1
1
1
1
1
1
1
1
0
1
1
1
1
1
1
1
1
1
1
1
1
1
1
1
1
1
1
0
1
1
1
1
1
1
1
2
1
1
1
0
1
1
1
1
1
1
0
1
1
1
1
1
1
1
1
1
1
1
1
1
1
1
1
1
0
1
1
1
1
0
1
1
1
1
1
1
1
1
1
2
1
2
1
0
1
1
1
1
1
1
1
-128
-128
-128
-128
-128
-128
-128
-128
-82
-128
-116
-128
84
-128
126
-128
-128
-128
-128
-128
-128
-128
-128
-128
112
127
-128
-128
-124
-128
-128
-128
1
1
1
1
0
1
1
1
1
1
1
0
1
1
1
1
1
1
0
1
1
1
0
1
1
1
1
1
1
1
1
1
1
1
1
1
1
1
1
1
1
1
1
1
1
1
0
1
1
1
1
1
1
1
1
1
1
1
1
1
1
1
1
1
1
1
1
1
1
1
1
1
1
1
1
1
1
1
1
1
1
1
1
1
1
1
1
1
1
0
1
1
1
1
1
1
1
1
1
1
1
0
1
1
1
1
1
1
1
1
1
1
1
1
0
1
1
1
1
1
1
1
1
1
1
1
1
1
1
1
0
1
1
1
0
1
1
1
1
1
1
1
1
1
1
1
1
1
1
1
1
1
1
0
1
1
1
1
1
0
1
1
1
1
1
1
1
1
1
0
1
1
1
1
1
1
1
1
1
1
1
1
1
1
1
1
1
1
1
1
1
1
1
1
1
1
1
1
1
1
0
1
1
1
1
1
1
1
1
1
1
1
1
1
1
1
1
1
1
1
0
1
1
1
1
1
1
0
1
1
1
1
1
0
1
1
1
1
1
1
1
1
1
1
0
1
1
1
1
1
1
1
0
1
0
1
1
1
1
1
1
1
1
1
1
1
1
1
1
1
1
1
1
1
0
1
1
0
1
1
1
1
1
1
1
1
1
0
1
0
1
1
1
1
1
1
1
1
1
1
1
1
1
1
1
1
1
1
1
1
1
1
1
1
1
1
1
1
1
1
1
1
1
1
1
1
1
1
1
1
1
1
1
1
1
1
1
1
1
1
0
1
1
1
1
1
1
1
1
1
1
1
1
1
1
1
1
1
1
1
1
1
1
1
1
1
0
1
1
1
1
1
1
1
1
1
1
1
1
1
1
1
1
1
1
1
1
1
1
1
1
1
1
1
1
1
1
0
1
1
1
1
1
1
1
1
1
1
1
1
1
2
1
1
1
1
1
1
1
1
1
1
0
1
99
99
-114
-116
-112
-114
-14
-81
71
40
95
88
99
99
97
100
91
95
89
89
77
89
-38
23
-103
-81
-120
-116
-123
-124
-118
-122
-114
-117
-112
-114
-22
-88
69
34
96
88
100
100
98
100
91
95
89
88
80
88
-34
29
-102
-79
-120
-116
-123
-124
-118
-122
-114
-117
-113
-114
-27
-91
66
31
94
86
99
99
98
99
92
96
90
90
83
89
-28
36
-100
-75
-119
-115
-123
-124
-119
-123
-114
-117
-113
-115
-36
-96
63
25
94
84
99
99
98
100
93
96
89
89
85
89
-22
43
-98
-71
-119
-113
-123
-124
-120
-124
-115
-117
-113
-115
-42
-101
60
20
93
82
99
99
99
100
93
96
89
90
87
89
-15
49
-96
-67
-118
-112
-123
-124
-119
-123
-114
-118
-113
-115
-51
-105
57
13
93
81
100
99
99
101
93
97
89
89
88
88
-10
54
-94
-64
-117
-112
-123
-123
-120
-124
-115
-119
-112
-115
-54
-106
55
10
91
79
98
98
99
99
93
97
90
90
89
89
-4
59
-92
-59
-117
-111
-123
-123
-120
-125
-114
-119
-113
-115
-61
-109
51
4
91
77
99
98
99
100
94
97
89
90
89
89
1
64
-89
-55
-117
-110
-123
-123
-120
-125
-115
-119
-115
-117
-65
-111
47
0
91
76
98
97
99
100
94
97
90
91
89
89
8
69
-87
-50
-116
-108
-123
-122
-120
-124
-115
-120
-113
-115
-73
-112
44
-8
91
74
99
98
100
100
94
97
88
90
89
88
14
72
-85
-46
-116
-108
-122
-122
-121
-125
-115
-120
-113
-115
-78
-112
40
-14
89
72
99
96
99
99
95
98
89
91
90
89
20
76
-82
-41
-115
-106
-122
-122
-121
-125
-115
-120
-113
-115
-84
-113
36
-19
87
70
98
96
100
100
95
98
89
91
90
89
26
79
-79
-36
-115
-104
-122
-121
-121
-125
-115
-120
-114
-116
-88
-114
32
-25
87
66
98
96
100
100
95
98
90
92
89
89
33
81
-74
-29
-114
-102
-122
-121
-121
-126
-116
-121
-114
-116
-95
-114
24
-35
81
62
93
89
95
95
96
96
93
95
94
95
37
86
-72
-27
-113
-101
-121
-120
-121
-124
-115
-120
-113
-116
-95
-113
26
-34
84
64
98
94
99
99
96
99
89
93
89
89
44
85
-68
-20
-112
-98
-121
-120
-121
-125
-116
-121
-114
-115
-102
-114
18
-47
83
60
97
93
97
98
94
97
88
91
89
88
49
86
-66
-15
-111
-97
-120
-120
-121
-124
-116
-121
-115
-116
-103
-117
16
-48
81
57
96
93
99
97
94
98
90
92
88
89
55
88
-62
-10
-110
-95
-121
-119
-122
-125
-116
-121
-113
-114
-106
-113
8
-57
80
54
98
93
98
99
97
99
88
94
88
87
58
88
-58
-5
-109
-92
-121
-119
-122
-124
-117
-122
-114
-115
-106
-114
6
-60
78
52
97
91
99
99
96
99
90
94
89
89
62
89
-54
0
-108
-91
-120
-119
-122
-125
-117
-121
-114
-116
-109
-114
0
-66
76
48
96
92
100
99
96
100
91
94
88
89
66
89
-52
5
-108
-88
-121
-118
-123
-124
-117
-122
-114
-115
-110
-114
-4
-71
75
46
97
90
99
99
97
100
91
95
90
89
70
89
-48
10
-106
-87
-120
-118
-123
-124
-118
-122
-114
-116
-111
-113
-13
-79
73
41
97
90
101
101
98
101
92
96
89
89
73
89
-43
16
-106
-85
-120
-117
-123
-124
-118
-122
-113
-116
-112
-114
-12
-80
72
41
96
89
99
99
98
100
91
95
90
89
77
89
-40
21
-105
-82
-120
-116
-123
-124
-118
-123
-115
-116
-113
-116
-18
-86
69
36
96
88
100
99
98
100
92
96
90
90
80
89
-35
28
-102
-80
-120
-116
-123
-124
-119
-123
-113
-117
-113
-113
-26
-91
66
32
94
86
98
98
98
99
91
95
90
89
81
89
-30
34
-101
-77
-120
-115
-122
-124
-119
-123
-114
-117
-112
-114
-34
-96
65
27
97
87
101
101
99
101
92
96
88
87
83
87
-26
38
-100
-74
-119
-115
-123
-124
-119
-124
-114
-117
-113
-115
-37
-97
63
23
93
84
99
98
98
99
93
96
89
89
85
88
-20
44
-98
-70
-118
-114
-123
-124
-119
-123
-114
-117
-113
-115
-45
-102
59
18
93
81
98
97
99
100
93
97
89
89
87
87
-14
50
-96
-66
-118
-112
-123
-123
-119
-124
-114
-117
-113
-115
-50
-105
56
13
92
80
99
97
99
100
93
97
89
90
88
88
-8
55
-93
-63
-117
-111
-123
-123
-120
-124
-114
-118
-113
-115
-58
-108
53
6
92
79
100
99
99
101
93
97
89
90
88
88
-3
59
-91
-58
-117
-111
-123
-122
-120
-124
-114
-118
-113
-115
-62
-110
50
3
90
76
98
96
99
99
94
97
89
90
89
88
4
65
-88
-53
-116
-109
-123
-122
-120
-124
-114
-119
-113
-115
-69
-112
45
-5
89
74
98
96
99
99
94
97
89
90
89
87
10
70
-85
-48
-115
-107
-122
-122
-120
-124
-114
-119
-113
-115
-75
-112
41
-11
88
71
98
95
98
99
93
96
88
89
88
88
17
73
-83
-44
-115
-105
-121
-121
-120
-124
-114
-120
-112
-114
-83
-113
90
94
89
89
68
88
-48
9
-106
-87
-120
-117
-122
-124
-118
-123
-114
-115
-111
-114
-7
-74
73
44
96
90
99
99
97
100
92
96
90
89
73
89
-43
16
-105
-84
-119
-116
-122
-124
-118
-122
-114
-116
-111
-114
-15
-81
72
39
96
89
100
100
98
100
92
96
90
90
77
89
-38
24
-103
-81
-120
-116
-123
-124
-119
-123
-114
-116
-112
-115
-21
-87
70
35
95
88
100
99
98
100
93
96
90
90
81
90
-32
31
-102
-77
-119
-116
-123
-124
-119
-123
-114
-117
-112
-115
-29
-93
68
30
96
88
101
101
100
101
93
97
90
90
84
89
-29
35
-101
-76
-120
-116
-124
-124
-119
-123
-115
-117
-113
-115
-32
-95
65
28
95
86
100
99
99
101
93
97
91
91
86
90
-23
41
-99
-73
-119
-115
-124
-124
-120
-124
-115
-118
-114
-116
-39
-99
63
22
95
85
100
100
100
101
94
97
91
91
88
90
-17
47
-97
-69
-119
-114
-124
-125
-120
-125
-115
-119
-114
-116
-46
-104
59
17
94
83
100
99
100
101
95
98
91
92
89
90
-11
54
-95
-65
-119
-113
-124
-124
-120
-125
-115
-119
-114
-116
-54
-107
56
11
94
81
100
100
101
101
95
98
91
91
89
90
-6
57
-93
-62
-118
-112
-124
-124
-121
-126
-115
-121
-114
-116
-58
-110
54
7
93
80
100
99
100
101
95
98
90
91
90
90
0
64
-91
-56
-118
-111
-124
-124
-120
-126
-116
-120
-115
-116
-66
-112
49
-1
91
77
100
99
101
101
96
99
91
92
90
90
8
69
-87
-51
-117
-109
-124
-123
-121
-126
-116
-121
-114
-117
-73
-114
44
-8
90
74
99
98
101
101
96
98
91
92
91
91
16
74
-84
-46
-116
-108
-124
-123
-121
-126
-116
-121
-114
-116
-82
-113
38
-17
90
72
100
98
101
101
96
99
88
90
89
88
23
76
-81
-39
-116
-105
-123
-123
-122
-126
-117
-121
-114
-117
-86
-115
36
-21
89
70
99
98
101
101
96
99
89
91
89
89
30
80
-77
-33
-114
-102
-123
-122
-122
-126
-118
-122
-115
-118
-93
-115
29
-31
87
66
-128
-128
-99
-128
32
-128
-128
-128
-128
-128
-128
-128
-114
-128
29
-128
-128
-128
-128
-128
-128
-128
-127
-128
-128
127
49
-128
-119
-128
-128
-128
24
-34
80
61
91
88
95
94
96
95
93
95
94
95
35
85
-73
-28
-113
-101
-121
-120
-121
-125
-115
-121
-114
-116
-92
-113
30
-29
86
65
97
95
99
99
96
99
90
92
90
89
35
83
-74
-28
-113
-101
-122
-121
-121
-125
-115
-120
-114
-115
-95
-114
27
-34
86
65
98
96
98
99
94
96
88
90
90
88
34
82
-75
-29
-113
-101
-122
-121
-120
-124
-115
-120
-115
-116
-89
-114
29
-28
86
66
97
95
98
98
94
96
89
92
89
89
35
82
-75
-29
-113
-101
-122
-121
-120
-124
-115
-120
-113
-115
-92
-114
28
-31
85
66
97
95
98
99
96
98
89
92
89
89
34
82
-74
-30
-113
-102
-121
-120
-121
-125
-116
-121
-114
-116
-91
-114
30
-29
85
66
98
95
99
99
95
98
90
92
89
90
33
81
-74
-29
-113
-102
-121
-121
-121
-125
-115
-121
-114
-116
-92
-113
28
-30
87
65
99
97
100
101
96
99
89
92
89
89
32
81
-75
-30
-114
-102
-121
-121
-121
-125
-115
-120
-113
-116
-91
-114
30
-28
86
66
97
95
100
99
96
98
90
92
90
90
33
81
-74
-29
-114
-102
-122
-121
-121
-125
-116
-121
-114
-116
-92
-114
30
-29
86
66
98
96
100
100
96
99
90
93
89
90
32
81
-75
-31
-114
-102
-122
-121
-121
-126
-115
-121
-114
-116
-90
-115
31
-28
86
67
98
96
100
99
96
100
90
92
90
90
32
81
-76
-31
-114
-103
-121
-120
-121
-125
-116
-121
-115
-116
-91
-114
27
-29
88
65
100
97
102
102
96
99
90
93
89
89
32
81
-76
-32
-114
-102
-122
-121
-121
-125
-115
-121
-114
-114
-91
-115
30
-28
85
65
97
94
100
100
95
99
90
92
89
89
32
81
-75
-30
-114
-102
-122
-121
-121
-125
-115
-121
-113
-115
-93
-113
30
-30
88
67
100
98
100
101
95
99
89
91
88
88
33
81
-75
-30
-114
-102
-122
-121
-121
-126
-116
-121
-114
-116
-91
-114
30
-28
86
66
98
95
100
99
95
98
90
92
89
89
33
82
-75
-31
-114
-102
-122
-121
-121
-125
-116
-121
-114
-115
-93
-113
28
-31
86
66
99
96
100
100
96
99
89
91
89
88
32
80
-74
-30
-114
-101
-122
-121
-121
-126
-116
-121
-114
-116
-92
-114
29
-30
85
65
98
95
100
100
95
99
90
92
90
89
35
83
-73
-29
-113
-101
-122
-121
-121
-125
-115
-121
-114
-116
-93
-114
27
-32
85
64
98
95
100
100
96
99
89
92
89
89
35
82
-73
-29
-113
-101
-122
-121
-121
-125
-115
-121
-114
-115
-93
-114
27
-32
85
64
98
94
100
99
96
98
90
93
89
89
37
83
-73
-27
-113
-100
-122
-121
-121
-125
-115
-121
-114
-115
-96
-113
23
-36
84
62
98
94
99
100
96
98
89
92
-110
-94
-119
-118
-120
-123
-114
-120
-112
-113
-103
-112
12
-51
81
55
97
93
100
99
96
99
88
92
88
87
51
85
-63
-12
-109
-94
-120
-118
-120
-124
-115
-119
-113
-113
-102
-113
14
-50
81
56
96
92
99
99
96
98
89
92
89
88
52
87
-62
-10
-109
-93
-120
-118
-121
-123
-115
-120
-112
-114
-103
-113
13
-52
81
56
96
93
99
98
96
99
90
93
88
88
53
87
-62
-10
-109
-94
-119
-118
-121
-124
-115
-121
-113
-114
-103
-113
13
-51
81
56
97
92
100
99
96
99
90
93
89
89
54
88
-60
-10
-110
-93
-120
-118
-120
-124
-115
-121
-113
-115
-104
-112
11
-54
82
56
98
94
101
100
97
100
90
94
89
89
54
88
-61
-10
-109
-94
-120
-119
-121
-124
-116
-121
-113
-115
-104
-114
12
-52
81
56
98
92
100
100
97
99
91
94
90
89
56
89
-60
-8
-109
-93
-121
-119
-122
-124
-116
-121
-114
-115
-105
-114
10
-55
81
55
98
94
101
100
98
100
90
94
90
90
56
88
-61
-8
-110
-93
-120
-119
-122
-125
-117
-121
-114
-115
-105
-114
10
-55
80
55
97
94
100
100
97
100
91
95
91
90
57
89
-60
-7
-110
-93
-121
-119
-122
-125
-117
-122
-114
-116
-106
-114
8
-58
81
55
99
94
101
101
98
101
91
95
90
90
57
88
-60
-7
-110
-93
-121
-119
-122
-125
-117
-122
-114
-116
-106
-115
10
-56
81
55
98
93
101
100
98
100
91
95
91
90
58
90
-59
-6
-111
-94
-121
-119
-122
-126
-117
-122
-114
-116
-107
-114
8
-58
80
54
99
94
101
101
98
100
91
95
90
90
59
89
-58
-5
-110
-93
-121
-120
-123
-126
-118
-123
-115
-116
-108
-115
7
-59
80
53
98
93
101
100
98
100
91
95
90
91
60
90
-58
-4
-110
-93
-122
-120
-122
-126
-118
-123
-115
-116
-109
-114
5
-61
81
53
98
95
102
101
98
101
91
95
90
89
60
89
-58
-4
-110
-93
-121
-120
-122
-126
-118
-122
-115
-117
-108
-115
6
-60
79
53
98
93
101
100
97
100
91
95
90
90
61
89
-57
-3
-110
-93
-122
-121
-123
-126
-118
-124
-115
-116
-108
-115
4
-63
79
51
98
93
100
100
97
100
91
95
90
90
62
90
-56
-2
-110
-92
-122
-120
-123
-125
-118
-123
-115
-117
-109
-115
3
-64
79
50
98
92
101
100
98
100
92
95
91
90
63
90
-55
0
-110
-92
-121
-120
-123
-126
-118
-122
-114
-117
-110
-114
0
-67
78
49
99
93
101
101
98
101
91
95
90
89
64
89
-55
1
-109
-91
-121
-120
-123
-126
-118
-123
-115
-117
-110
-115
1
-65
77
50
97
92
100
100
97
100
91
95
90
89
65
90
-54
2
-109
-90
-122
-119
-123
-125
-118
-123
-114
-117
-110
-115
-1
-68
77
47
98
91
100
100
98
100
91
95
89
89
66
89
-52
4
-108
-89
-122
-119
-123
-126
-118
-123
-115
-117
-111
-116
-2
-69
76
48
97
90
100
99
97
100
91
95
90
90
67
89
-51
6
-108
-89
-121
-119
-123
-125
-118
-123
-115
-117
-111
-114
-5
-73
75
46
98
92
100
100
97
100
90
94
89
88
67
88
-50
8
-107
-89
-121
-118
-122
-125
-118
-123
-115
-116
-111
-115
-6
-73
74
44
96
90
99
98
97
99
91
95
89
89
70
89
-47
12
-107
-86
-121
-118
-123
-124
-118
-123
-115
-117
-112
-115
-10
-77
73
42
96
89
99
99
97
100
91
94
89
89
71
88
-45
14
-106
-86
-120
-117
-123
-124
-118
-122
-114
-116
-112
-114
-12
-78
72
41
95
89
99
98
97
99
91
95
88
89
73
89
-44
16
-105
-85
-120
-117
-123
-124
-118
-122
-114
-116
-112
-114
-15
-82
71
39
96
89
100
100
97
100
90
95
88
88
74
88
-42
18
-105
-83
-120
-117
-122
-124
-118
-123
-114
-116
-113
-115
-16
-82
71
38
95
87
99
98
97
99
91
95
89
88
76
89
-39
22
-104
-81
-120
-116
-123
-124
-118
-123
-114
-115
-112
-114
-19
-85
69
37
95
86
99
99
97
99
91
95
89
88
77
89
-37
24
-104
-81
-119
-116
-123
-123
-118
-122
-114
-116
-112
-114
-21
-86
68
34
94
87
98
98
97
99
91
96
89
89
79
89
-35
27
-102
-80
-119
-116
-123
-124
-118
-123
-114
-117
-113
-114
-25
-90
67
32
95
86
99
99
97
100
91
95
88
87
80
88
-33
30
-102
-78
-119
-115
-123
-123
-118
-122
-114
-116
-112
-114
-26
-91
66
30
94
85
98
98
97
99
91
95
89
88
82
88
-29
34
-101
-75
-119
-115
-123
-123
-119
-122
-114
-116
-112
-115
-31
-94
64
28
94
85
98
98
97
100
92
96
89
89
82
89
-28
36
-100
-75
-118
-114
-123
-123
-118
-123
-114
-117
-113
-114
-33
-95
63
26
94
84
98
97
97
99
92
96
89
89
84
88
-25
39
-99
-73
-118
-114
-123
-123
-119
-123
-113
-116
-112
-114
-38
-98
62
23
94
84
99
99
98
100
92
96
88
88
84
88
-23
40
-98
-72
-118
-114
-123
-123
-118
-123
-114
-117
-114
-117
-112
-114
-52
-106
56
11
93
81
100
99
99
101
93
97
89
90
87
88
-11
53
-94
-64
-118
-112
-123
-123
-120
-123
-115
-118
-113
-115
-50
-106
56
13
92
80
98
98
99
100
94
97
89
90
89
89
-9
55
-93
-63
-118
-111
-123
-123
-120
-124
-114
-118
-113
-115
-52
-106
55
11
92
80
99
98
99
100
94
97
89
90
89
89
-10
55
-94
-63
-118
-111
-123
-123
-119
-124
-114
-118
-113
-116
-52
-107
55
12
92
80
99
98
99
100
94
97
90
90
89
89
-9
55
-93
-62
-118
-112
-123
-123
-120
-124
-114
-118
-113
-115
-54
-107
56
10
93
81
100
99
99
101
94
97
89
90
89
89
-8
55
-94
-63
-118
-112
-123
-123
-120
-124
-115
-118
-113
-116
-52
-107
56
11
92
80
99
98
99
100
94
97
90
90
89
89
-9
56
-93
-62
-118
-112
-123
-123
-120
-124
-114
-118
-113
-116
-53
-107
55
10
93
80
99
98
100
100
94
98
90
90
88
90
-8
55
-93
-62
-118
-112
-123
-123
-120
-124
-115
-118
-114
-116
-54
-107
55
10
93
79
99
98
100
101
94
97
90
91
89
90
-8
57
-93
-62
-118
-112
-124
-123
-120
-125
-114
-118
-113
-115
-56
-108
54
8
94
80
100
100
100
101
94
98
89
90
89
89
-8
56
-94
-63
-118
-112
-123
-123
-120
-125
-114
-119
-113
-115
-54
-107
56
10
92
80
100
98
99
100
94
97
90
90
89
89
-7
57
-92
-62
-118
-112
-124
-124
-120
-124
-115
-119
-113
-116
-55
-108
55
9
92
80
99
98
100
101
94
97
90
90
89
90
-7
56
-93
-62
-119
-112
-123
-123
-120
-124
-114
-119
-114
-116
-55
-108
55
9
92
79
99
98
99
100
94
97
90
91
89
89
-7
57
-93
-61
-118
-111
-124
-123
-120
-124
-115
-119
-113
-116
-57
-108
54
8
93
80
100
99
99
101
94
97
90
90
88
89
-7
57
-93
-61
-118
-112
-123
-123
-120
-125
-115
-119
-114
-116
-55
-107
54
9
92
79
99
98
99
100
94
97
91
90
90
89
-6
58
-92
-61
-117
-112
-124
-123
-120
-125
-115
-119
-114
-116
-56
-109
54
8
92
79
99
98
99
100
94
97
90
90
89
88
-6
58
-93
-60
-118
-112
-124
-124
-120
-124
-115
-119
-114
-116
-57
-109
54
6
92
79
99
97
100
100
94
98
90
91
89
89
-5
59
-92
-60
-118
-112
-123
-123
-120
-124
-115
-119
-113
-115
-59
-108
53
6
93
79
100
99
100
101
94
97
89
90
88
88
-5
58
-92
-60
-118
-112
-123
-123
-120
-124
-114
-119
-113
-116
-57
-108
53
7
92
78
99
98
99
100
94
97
90
91
90
90
-4
59
-92
-59
-117
-111
-123
-123
-120
-125
-114
-119
-113
-116
-59
-110
53
5
92
78
99
98
99
100
94
97
90
91
89
89
-3
60
-91
-58
-118
-111
-123
-123
-120
-124
-115
-119
-113
-115
-60
-110
51
4
92
78
99
98
99
100
94
97
90
90
89
89
-1
61
-91
-57
-117
-111
-123
-123
-121
-124
-115
-120
-113
-116
-63
-110
50
2
92
78
100
99
100
100
94
97
89
90
88
88
1
62
-90
-56
-117
-110
-123
-123
-121
-125
-115
-120
-113
-116
-63
-111
49
2
91
77
99
97
100
100
94
97
90
91
89
89
2
64
-89
-55
-117
-110
-123
-123
-120
-125
-115
-119
-114
-116
-65
-111
48
-1
91
76
99
98
99
101
94
97
90
90
89
89
4
66
-88
-53
-116
-110
-122
-123
-121
-124
-115
-120
-113
-116
-68
-112
47
-3
90
75
99
97
99
100
95
97
90
91
90
88
7
68
-87
-51
-116
-109
-122
-123
-121
-125
-114
-119
-113
-115
-72
-112
44
-7
91
75
99
98
100
101
94
97
89
90
89
88
10
69
-86
-49
-116
-108
-122
-122
-120
-125
-115
-119
-114
-115
-72
-112
43
-7
89
73
99
96
99
99
94
97
89
91
89
89
13
72
-85
-48
-116
-107
-123
-122
-120
-125
-115
-120
-113
-116
-76
-112
42
-11
89
72
99
96
99
100
95
98
89
91
90
89
16
73
-83
-45
-116
-107
-122
-122
-121
-125
-115
-120
-114
-116
-80
-113
40
-14
89
72
98
96
100
99
95
98
90
91
89
89
19
75
-82
-41
-115
-106
-122
-122
-121
-125
-116
-120
-113
-116
-83
-113
37
-19
89
71
100
97
100
101
95
98
89
91
89
89
22
76
-81
-39
-115
-105
-122
-122
-121
-125
-115
-121
-113
-115
-85
-113
36
-19
87
69
98
96
99
100
95
98
89
92
89
89
27
79
-78
-35
-114
-104
-122
-121
-121
-125
-115
-121
-113
-115
-88
-114
33
-24
87
67
98
96
100
100
95
99
89
91
89
89
30
80
-76
-33
-114
-102
-122
-121
-121
-125
-115
-121
-113
-116
-90
-114
30
-28
86
66
98
95
100
99
96
98
90
92
90
90
35
82
-74
-29
-113
-101
-121
-121
-121
-125
-116
-120
-113
-115
-95
-114
26
-34
86
64
99
96
101
100
96
99
89
92
89
89
38
83
-72
-25
-113
-101
-122
-121
-121
-125
-115
-121
-114
-115
-96
-115
25
-36
85
63
-109
-91
-121
-119
-123
-124
-118
-122
-114
-116
-109
-114
2
-65
77
49
97
91
100
99
97
100
91
95
89
89
66
89
-53
3
-108
-90
-121
-119
-123
-124
-117
-122
-114
-116
-110
-114
-2
-69
77
48
97
91
100
99
97
100
91
95
89
89
67
90
-50
7
-108
-89
-121
-118
-122
-125
-118
-122
-114
-116
-111
-115
-4
-71
75
46
96
90
100
99
97
100
91
95
89
89
70
89
-48
10
-107
-87
-121
-118
-122
-125
-118
-123
-115
-117
-111
-114
-7
-75
76
44
98
92
100
100
98
101
91
95
89
89
70
89
-48
11
-107
-86
-121
-118
-123
-125
-118
-122
-114
-116
-112
-115
-8
-76
73
43
96
90
99
99
98
100
91
96
90
90
73
90
-45
15
-106
-85
-120
-117
-123
-124
-118
-122
-115
-116
-111
-115
-12
-79
72
41
96
89
100
99
98
100
92
96
90
89
74
90
-43
17
-105
-84
-120
-117
-123
-124
-119
-122
-114
-116
-112
-114
-14
-81
72
39
96
89
99
99
98
100
92
95
90
90
76
89
-41
20
-105
-83
-120
-117
-123
-124
-119
-123
-114
-116
-113
-114
-17
-85
71
38
97
89
101
100
98
101
92
96
90
89
77
89
-39
23
-104
-82
-121
-117
-122
-124
-119
-123
-115
-117
-113
-116
-18
-84
71
37
95
88
99
99
98
100
92
96
90
89
78
90
-37
25
-103
-81
-120
-116
-123
-124
-118
-123
-114
-117
-113
-115
-21
-87
69
35
95
88
100
99
98
100
92
96
90
90
80
90
-35
27
-103
-80
-120
-116
-123
-125
-119
-123
-114
-117
-113
-115
-23
-89
68
34
95
87
99
99
98
101
93
96
90
89
82
90
-32
31
-102
-78
-120
-115
-124
-125
-119
-123
-115
-117
-112
-115
-28
-92
67
30
96
87
100
99
99
101
92
96
89
89
82
89
-31
33
-102
-77
-119
-115
-123
-124
-119
-123
-115
-117
-114
-116
-29
-92
66
30
94
86
99
99
98
100
92
97
90
90
84
90
-28
36
-101
-75
-120
-115
-124
-124
-119
-123
-115
-117
-114
-115
-33
-95
65
27
95
85
99
99
99
101
92
96
90
90
84
89
-25
39
-100
-73
-119
-115
-123
-124
-120
-124
-115
-118
-114
-115
-35
-97
63
25
94
84
99
99
98
100
92
97
90
90
85
89
-22
41
-99
-71
-119
-114
-124
-124
-119
-124
-114
-117
-113
-115
-40
-100
61
22
94
85
99
99
99
101
92
97
89
89
86
88
-21
43
-98
-70
-119
-114
-124
-124
-120
-124
-115
-117
-114
-116
-40
-100
61
21
94
83
99
99
99
100
93
98
90
90
87
90
-19
46
-98
-69
-119
-114
-124
-124
-120
-124
-115
-118
-113
-115
-44
-101
59
19
94
83
99
99
98
100
93
96
90
90
87
89
-17
48
-97
-68
-119
-113
-123
-124
-120
-124
-114
-118
-113
-116
-46
-103
59
17
93
82
99
98
99
100
93
97
90
90
88
89
-14
50
-96
-66
-118
-112
-124
-124
-120
-124
-114
-118
-113
-116
-50
-105
58
14
94
82
100
99
99
100
93
97
89
90
88
88
-12
51
-95
-65
-118
-112
-124
-124
-120
-124
-115
-118
-113
-116
-50
-106
57
14
92
80
99
98
99
100
94
97
90
90
89
89
-9
55
-94
-63
-118
-112
-123
-123
-120
-124
-115
-119
-113
-116
-54
-106
55
10
93
80
99
98
99
100
94
97
89
90
89
89
-6
57
-93
-60
-118
-111
-123
-123
-121
-124
-115
-119
-113
-115
-57
-108
54
8
92
79
99
98
99
101
94
97
90
91
89
90
-4
60
-92
-59
-118
-111
-123
-123
-120
-124
-114
-119
-113
-115
-61
-109
52
4
92
79
100
99
100
101
94
98
89
91
89
89
-2
61
-92
-58
-118
-110
-123
-122
-121
-125
-115
-119
-113
-116
-61
-110
51
4
91
78
99
98
99
100
95
98
90
91
90
89
1
64
-90
-55
-117
-110
-123
-123
-121
-125
-115
-119
-114
-116
-66
-111
49
-1
91
76
99
98
99
101
95
97
90
91
90
89
5
66
-88
-53
-117
-110
-122
-123
-121
-125
-115
-120
-113
-116
-68
-112
47
-3
90
76
98
97
99
100
94
98
90
92
90
89
8
69
-87
-50
-117
-108
-123
-123
-120
-125
-115
-120
-113
-115
-72
-112
45
-6
91
75
100
98
100
101
95
98
89
91
89
89
9
69
-86
-49
-117
-108
-123
-123
-121
-125
-116
-119
-114
-116
-71
-112
45
-7
90
74
99
97
100
100
94
98
89
91
90
90
13
71
-85
-47
-116
-108
-123
-122
-121
-125
-115
-120
-114
-116
-77
-114
41
-12
88
72
97
95
99
99
95
97
90
92
88
89
16
72
-84
-44
-115
-106
-123
-122
-121
-125
-116
-120
-114
-116
-80
-113
38
-16
88
70
97
95
97
98
93
96
89
90
89
88
19
75
-82
-42
-115
-106
-122
-121
-121
-124
-115
-120
-113
-115
-84
-113
36
-19
88
70
99
96
99
99
94
97
88
91
88
87
22
76
-80
-39
-114
-104
-122
-122
-120
-125
-115
-120
-113
-115
-85
-113
34
-20
86
68
97
95
99
99
95
97
89
91
89
88
25
78
-79
-36
-114
-104
-122
-121
-121
-124
-115
-120
95
100
100
96
99
89
93
88
88
44
85
-68
-19
-112
-98
-121
-120
-121
-124
-116
-120
-113
-115
-100
-114
19
-44
83
60
97
93
99
99
96
99
90
93
89
89
47
86
-66
-17
-111
-97
-121
-120
-121
-124
-116
-121
-114
-115
-102
-114
16
-48
81
58
98
93
99
99
96
99
90
93
89
89
51
87
-64
-13
-111
-96
-121
-119
-122
-125
-116
-121
-114
-116
-104
-116
14
-50
81
57
97
93
100
99
96
99
90
93
89
90
55
87
-62
-10
-110
-94
-121
-120
-122
-124
-117
-121
-114
-115
-105
-114
10
-54
81
55
98
94
100
101
96
100
90
93
89
88
55
88
-60
-8
-110
-94
-121
-119
-122
-124
-116
-122
-114
-115
-105
-115
9
-55
80
54
97
92
99
99
96
99
90
93
89
88
57
89
-59
-6
-109
-93
-120
-119
-122
-124
-117
-122
-114
-116
-107
-115
6
-59
79
52
97
92
100
99
96
99
90
95
89
89
60
88
-57
-3
-110
-92
-121
-118
-122
-124
-117
-122
-114
-116
-108
-114
5
-61
78
51
97
91
99
99
96
99
91
94
89
90
63
89
-54
0
-108
-90
-121
-119
-123
-124
-117
-122
-114
-116
-109
-114
-2
-68
73
46
91
85
95
94
95
96
93
96
94
93
65
93
-53
2
-108
-90
-120
-118
-122
-124
-117
-121
-115
-116
-108
-114
2
-66
77
50
96
90
98
99
97
99
90
94
90
89
66
89
-50
6
-108
-88
-120
-118
-122
-124
-117
-122
-113
-115
-111
-114
-6
-73
75
45
95
90
97
98
95
98
89
93
88
88
69
89
-49
9
-106
-87
-120
-117
-122
-123
-117
-122
-114
-116
-111
-115
-5
-73
73
44
95
90
98
97
95
99
90
93
89
89
72
89
-46
14
-106
-86
-120
-117
-122
-124
-118
-121
-114
-116
-111
-113
-12
-79
73
40
96
90
98
99
96
99
91
95
88
87
73
88
-43
16
-104
-84
-120
-117
-122
-124
-117
-122
-114
-115
-111
-114
-13
-79
72
40
95
88
98
99
97
99
91
95
89
89
75
89
-40
20
-104
-82
-120
-116
-123
-123
-117
-123
-114
-116
-112
-114
-17
-84
70
37
96
88
99
99
97
100
92
95
89
89
78
88
-37
24
-103
-80
-120
-116
-122
-123
-118
-123
-114
-117
-112
-114
-21
-87
68
35
95
87
99
98
98
100
92
96
90
89
80
89
-34
29
-102
-78
-119
-115
-123
-124
-118
-122
-114
-116
-112
-114
-29
-91
67
30
96
86
101
101
100
101
92
97
89
89
80
88
-31
31
-101
-77
-119
-114
-123
-124
-119
-123
-114
-116
-113
-115
-27
-91
66
31
94
85
99
99
99
100
92
96
90
90
82
89
-29
35
-101
-76
-119
-114
-123
-124
-119
-123
-114
-116
-114
-115
-30
-94
65
28
95
85
99
99
98
100
92
95
90
90
84
89
-26
39
-100
-74
-119
-114
-123
-124
-119
-123
-113
-117
-113
-114
-36
-98
62
24
93
82
99
98
98
99
90
95
88
87
84
87
-22
42
-98
-71
-118
-113
-123
-124
-120
-123
-114
-117
-112
-114
-44
-101
60
18
95
84
101
100
99
101
92
97
87
88
85
87
-20
44
-97
-69
-118
-113
-123
-123
-119
-124
-115
-117
-113
-115
-43
-101
59
19
92
81
98
98
98
99
93
96
89
89
87
88
-16
48
-96
-67
-118
-112
-123
-123
-119
-123
-114
-117
-113
-115
-48
-104
58
15
92
80
98
97
98
100
93
97
88
89
88
89
-12
52
-94
-64
-117
-112
-123
-122
-120
-123
-114
-117
-113
-115
-51
-105
55
11
91
80
98
97
99
99
93
97
89
90
88
88
-8
56
-93
-61
-117
-111
-122
-123
-119
-124
-114
-118
-112
-115
-57
-108
53
6
92
79
99
98
99
100
93
96
88
89
87
88
-5
57
-92
-59
-116
-111
-122
-122
-120
-123
-114
-118
-113
-115
-59
-108
51
5
91
77
98
97
98
99
94
97
89
90
88
88
-1
61
-89
-56
-116
-109
-123
-122
-120
-124
-114
-118
-113
-115
-64
-110
48
0
90
75
98
96
98
99
94
97
89
89
88
88
4
65
-88
-53
-116
-109
-122
-122
-120
-124
-114
-118
-113
-115
-68
-111
45
-3
89
74
97
95
97
98
93
96
87
89
87
86
9
68
-86
-50
-116
-107
-122
-122
-120
-124
-114
-119
-113
-114
-74
-111
40
-11
87
70
97
94
99
99
94
97
89
91
88
88
12
70
-84
-47
-114
-107
-121
-121
-119
-124
-114
-118
-113
-114
-74
-112
40
-11
86
69
95
92
97
97
93
96
88
89
87
86
16
72
-82
-44
-114
-105
-120
-121
-119
-123
-114
-118
-112
-114
-80
-112
37
-16
87
69
96
94
98
97
93
95
88
89
88
87
22
75
-79
-39
-113
-103
-121
-120
-119
-123
-114
-118
-112
-114
-84
-112
35
-21
86
67
96
93
98
98
94
96
88
90
88
88
26
77
-77
-35
-112
-102
-120
-120
-119
-123
-114
-119
-112
-114
-89
-112
29
-27
85
66
99
95
100
99
95
98
88
91
88
87
29
78
-75
-32
-112
-101
-120
-120
-119
-123
-114
-119
-112
-114
-89
-112
30
-27
85
65
97
93
98
98
95
97
88
90
88
-60
-7
-110
-94
-121
-120
-123
-125
-117
-122
-114
-116
-107
-114
9
-58
81
55
98
93
101
101
98
100
91
95
90
90
59
89
-58
-4
-110
-93
-121
-119
-123
-126
-117
-123
-115
-116
-108
-115
6
-61
79
52
98
92
100
100
97
100
92
95
90
90
62
90
-56
-1
-109
-92
-122
-120
-123
-125
-118
-123
-115
-117
-109
-114
2
-66
79
51
99
93
101
101
98
101
91
95
90
90
64
90
-54
2
-109
-91
-121
-120
-123
-126
-118
-123
-114
-117
-110
-115
1
-66
77
49
97
92
100
100
98
100
92
96
90
90
67
90
-52
5
-108
-89
-121
-119
-123
-126
-119
-123
-115
-117
-111
-115
-4
-71
76
46
97
91
101
100
98
100
92
95
90
90
70
90
-48
10
-107
-87
-121
-119
-124
-125
-118
-123
-115
-117
-112
-115
-7
-75
75
44
97
90
100
100
98
100
92
96
90
90
73
90
-46
15
-107
-86
-121
-118
-123
-125
-119
-124
-114
-117
-112
-115
-12
-80
74
41
98
91
101
101
99
101
91
96
90
89
74
89
-43
17
-105
-84
-121
-118
-124
-125
-119
-123
-115
-117
-113
-116
-14
-82
72
40
96
89
100
99
98
101
92
96
90
90
77
90
-39
23
-104
-83
-121
-117
-124
-126
-119
-124
-115
-118
-113
-116
-20
-87
70
36
96
88
100
99
98
100
93
96
90
90
81
90
-34
28
-103
-81
-120
-117
-124
-125
-119
-124
-115
-118
-113
-116
-26
-91
67
31
95
87
99
99
99
100
93
96
90
90
83
90
-29
35
-101
-77
-120
-116
-124
-125
-119
-124
-115
-117
-113
-115
-33
-96
65
27
96
86
101
100
99
101
93
96
89
89
84
89
-26
39
-100
-74
-120
-116
-124
-124
-120
-124
-115
-118
-114
-116
-37
-97
62
24
94
84
99
99
98
100
93
96
90
89
86
89
-20
44
-98
-70
-119
-114
-124
-124
-120
-124
-114
-118
-114
-116
-44
-103
60
18
94
81
99
99
99
100
93
96
89
89
88
90
-15
50
-96
-67
-119
-113
-124
-124
-120
-125
-115
-119
-114
-116
-50
-105
57
13
92
80
100
98
99
100
94
98
90
90
89
89
-9
55
-93
-62
-118
-112
-123
-124
-120
-125
-115
-119
-113
-116
-58
-108
54
6
93
79
100
99
99
100
93
97
89
90
88
88
-4
59
-92
-60
-117
-111
-123
-123
-120
-124
-115
-119
-114
-116
-61
-110
50
4
91
77
99
97
98
100
93
97
89
90
89
89
1
63
-89
-55
-116
-110
-123
-123
-121
-125
-115
-120
-113
-115
-68
-111
47
-3
90
75
98
97
99
100
94
97
89
91
89
88
8
68
-87
-51
-116
-109
-122
-123
-121
-125
-115
-120
-113
-115
-73
-112
43
-8
89
73
98
96
99
99
95
97
89
91
89
88
14
72
-84
-46
-115
-107
-122
-122
-121
-125
-114
-120
-113
-115
-80
-113
39
-15
89
71
99
96
99
100
94
98
89
90
88
88
20
75
-82
-41
-115
-106
-122
-122
-121
-125
-115
-120
-113
-116
-83
-113
37
-19
88
70
98
95
100
99
95
97
89
92
89
89
26
79
-78
-36
-114
-104
-122
-121
-121
-125
-115
-120
-113
-115
-88
-113
31
-26
86
67
98
95
99
99
95
98
89
91
89
89
33
81
-75
-31
-113
-102
-121
-121
-121
-125
-116
-121
-114
-116
-93
-114
27
-32
85
64
98
94
99
99
96
98
89
92
88
89
39
84
-70
-24
-112
-99
-121
-121
-121
-125
-115
-121
-114
-115
-99
-114
20
-41
85
61
99
95
100
100
96
99
90
93
88
88
44
85
-67
-20
-112
-97
-122
-120
-121
-125
-116
-121
-114
-116
-101
-114
18
-45
82
58
97
93
99
99
96
98
90
93
89
89
51
86
-65
-14
-111
-96
-121
-120
-122
-125
-115
-121
-114
-115
-104
-114
12
-52
81
55
97
93
100
99
96
99
90
93
88
88
56
87
-60
-9
-110
-93
-121
-119
-121
-124
-117
-122
-114
-115
-107
-115
8
-58
79
53
97
92
99
99
97
98
91
94
89
89
60
89
-57
-3
-109
-92
-121
-118
-122
-124
-117
-121
-114
-115
-108
-114
2
-65
78
50
97
92
100
100
97
100
90
94
89
88
63
88
-53
1
-108
-90
-121
-118
-123
-124
-117
-122
-114
-116
-110
-114
-1
-68
76
47
97
90
99
99
97
100
91
95
89
89
68
89
-49
8
-107
-88
-121
-118
-122
-124
-118
-122
-114
-116
-110
-114
-7
-74
74
44
96
89
99
99
97
100
91
95
89
89
72
89
-46
14
-106
-86
-120
-117
-123
-125
-118
-122
-114
-116
-112
-115
-11
-78
73
41
97
89
99
99
98
100
91
96
90
89
74
89
-42
18
-105
-84
-119
-117
-123
-124
-118
-123
-114
-116
-112
-114
-17
-83
71
38
96
90
100
100
98
100
92
96
89
89
77
89
-39
22
-104
-82
-120
-116
-123
-124
-118
-122
-114
-117
-113
-115
-19
-85
69
36
95
88
99
99
98
100
92
96
90
90
79
89
-35
27
-103
-80
-119
-116
-123
-124
-119
-123
-114
-117
-113
-115
-24
-89
68
33
95
87
100
99
98
100
93
96
90
89
82
89
-32
31
-102
-77
-120
-115
-123
-124
-52
-106
57
13
93
80
100
99
100
101
94
98
90
91
89
89
-9
55
-94
-63
-118
-112
-123
-123
-121
-124
-115
-119
-113
-116
-54
-108
55
10
92
80
99
98
99
101
94
97
90
91
89
90
-6
58
-93
-61
-118
-112
-123
-123
-121
-124
-115
-119
-113
-115
-58
-110
53
6
93
79
100
99
100
101
94
98
90
90
89
89
-3
59
-92
-59
-118
-112
-124
-124
-121
-125
-115
-119
-114
-115
-59
-110
52
5
91
78
99
98
99
100
94
97
90
91
90
89
1
63
-90
-56
-117
-110
-123
-124
-121
-126
-115
-119
-114
-116
-65
-111
49
-1
91
76
100
97
99
100
95
98
89
90
90
89
6
67
-88
-53
-117
-110
-123
-123
-120
-125
-115
-120
-114
-116
-69
-112
46
-4
91
75
99
97
100
100
95
98
90
92
89
89
10
70
-86
-49
-117
-109
-123
-123
-121
-125
-116
-120
-114
-116
-75
-113
43
-9
90
74
100
98
101
101
95
98
90
91
89
89
12
71
-85
-47
-116
-107
-123
-123
-121
-126
-115
-120
-113
-116
-76
-113
42
-10
89
73
99
97
99
100
96
98
90
92
90
89
18
74
-83
-44
-116
-107
-123
-122
-121
-126
-115
-120
-114
-116
-81
-114
39
-16
89
71
99
96
99
100
95
98
90
91
90
90
22
77
-81
-39
-115
-105
-123
-122
-121
-125
-115
-121
-114
-116
-86
-114
36
-21
88
69
99
96
100
100
95
99
90
92
90
89
27
79
-79
-35
-115
-104
-122
-122
-122
-126
-115
-121
-114
-117
-89
-114
32
-26
88
68
99
97
100
100
95
99
90
92
89
89
31
80
-76
-32
-115
-103
-122
-122
-122
-126
-116
-121
-114
-116
-92
-114
29
-28
86
66
98
95
100
99
96
99
90
93
90
90
36
84
-73
-28
-114
-101
-122
-122
-122
-125
-116
-121
-114
-116
-96
-114
25
-36
85
63
98
95
100
100
96
99
90
93
89
89
41
85
-70
-22
-113
-100
-122
-120
-123
-125
-116
-122
-114
-116
-99
-115
21
-41
84
61
98
95
100
100
96
99
90
93
89
89
47
86
-67
-17
-112
-97
-122
-120
-122
-126
-116
-122
-114
-116
-103
-114
15
-49
83
58
99
94
100
100
97
100
90
94
89
89
50
86
-64
-14
-112
-96
-121
-120
-122
-126
-117
-122
-115
-116
-104
-114
13
-51
81
57
97
93
100
99
97
100
91
94
89
90
56
88
-60
-8
-110
-94
-122
-120
-122
-125
-117
-122
-114
-116
-107
-115
7
-58
80
53
97
92
100
99
97
100
91
94
89
89
61
89
-57
-2
-109
-92
-121
-120
-123
-125
-117
-123
-115
-117
-109
-114
2
-65
78
50
97
91
100
99
97
100
91
95
89
90
65
89
-53
4
-108
-90
-121
-119
-123
-125
-118
-123
-114
-116
-110
-114
-4
-71
76
46
97
91
100
100
97
100
90
95
89
88
69
89
-49
10
-107
-88
-121
-118
-123
-125
-118
-122
-114
-117
-111
-115
-8
-75
74
44
96
90
99
99
97
100
92
95
90
90
74
89
-43
16
-105
-85
-121
-117
-124
-125
-118
-123
-114
-117
-113
-114
-15
-82
72
39
96
88
100
99
97
100
92
95
90
89
77
89
-38
23
-104
-82
-120
-117
-124
-125
-119
-123
-114
-117
-113
-115
-20
-86
69
35
95
87
100
99
98
100
92
96
89
89
81
89
-34
29
-103
-79
-120
-116
-124
-124
-119
-123
-114
-117
-113
-115
-29
-93
66
30
96
87
100
99
98
101
92
96
89
89
83
89
-28
36
-101
-75
-119
-115
-123
-124
-119
-123
-115
-117
-113
-115
-34
-96
63
26
93
84
98
97
97
98
92
95
89
88
85
89
-23
41
-99
-72
-118
-114
-123
-123
-120
-124
-115
-118
-113
-115
-44
-101
59
18
92
81
98
97
98
99
93
96
89
89
100
100
99
98
97
96
94
92
90
89
89
89
89
88
88
81
63
35
3
-26
-52
-73
-87
-99
-107
-114
-116
-120
-120
-124
-122
-125
-122
-123
-120
-120
-117
-118
-115
-116
-114
-114
-113
-115
-110
-96
-68
-36
-4
23
44
60
73
82
89
93
96
98
98
99
99
100
99
99
97
96
94
92
90
89
89
89
89
89
89
84
69
43
13
-18
-44
-68
-84
-96
-105
-112
-115
-120
-120
-123
-122
-125
-122
-124
-120
-122
-118
-118
-115
-116
-114
-115
-113
-114
-112
-102
-78
-48
-15
14
38
56
71
80
88
93
97
98
99
100
100
101
100
99
98
97
95
93
91
89
89
89
89
87
89
86
75
51
20
-11
-37
-62
-80
-93
-103
-111
-115
-120
-120
-124
-122
-126
-123
-124
-121
-122
-118
-118
-115
-116
-114
-116
-113
-115
-112
-106
-84
-54
-20
9
34
52
68
78
86
90
94
97
98
98
98
100
99
99
97
97
95
94
92
90
90
89
90
89
89
87
79
58
29
-3
-29
-56
-74
-90
-100
-109
-114
-119
-119
-123
-122
-125
-122
-124
-120
-122
-119
-119
-115
-116
-114
-116
-113
-115
-113
-110
-92
-63
-31
1
26
48
63
74
84
90
94
96
98
99
99
100
100
99
98
98
96
95
92
91
90
89
90
89
89
89
83
65
38
6
-23
-51
-69
-87
-68
-60
-63
-120
-30
-2
72
-83
-122
-90
-112
19
-125
39
85
89
82
-80
-60
-33
-59
113
-68
31
40
127
-32
-123
-65
-4
-128
34
88
-15
-69
34
43
115
-25
9
60
-115
-128
97
-126
0
-124
96
51
11
-50
-128
1
81
-26
-97
-112
117
-75
-16
-75
-25
66
94
108
71
-4
55
-34
50
76
-103
31
-26
-44
-1
96
15
121
-121
4
-127
-104
-93
-34
-123
-28
-4
23
-96
-80
-4
51
9
57
13
-2
30
-96
95
-119
115
-29
-91
-70
13
-3
18
-34
12
-80
21
79
-106
-13
42
36
110
-42
43
-105
-116
119
120
-64
-127
-124
16
120
0
64
88
88
-113
96
-116
72
7
19
24
-116
80
64
-124
-84
77
122
-45
15
-112
116
40
15
-77
-125
4
114
-122
3
-76
8
5
-103
-72
11
-55
20
-87
-4
-85
-101
-63
-97
-14
-127
127
-121
113
-115
-68
7
-119
24
-128
67
115
80
-64
-73
18
2
27
-98
-62
-42
60
-69
-65
-25
-83
120
-122
-48
71
-33
-32
-68
124
-32
-113
112
-114
-97
-72
119
-128
108
100
112
-117
-119
88
-70
38
-128
120
-128
126
-121
-64
-128
-97
3
-48
-126
-57
-35
-128
-113
0
-81
-50
-16
-107
116
113
-32
-69
-5
-113
79
-33
87
-128
96
-128
-1
-128
-121
-128
-127
-67
-65
-63
-128
122
2
-2
-127
53
-28
104
127
-124
31
126
-72
-72
-77
96
-104
103
-121
-95
-120
-12
64
-128
13
27
-122
-55
23
-32
34
-50
103
-93
124
95
122
67
-80
-98
48
106
-63
96
-17
-123
108
-48
-83
-98
-28
67
-115
66
87
-36
78
-110
66
5
-12
21
93
-107
-128
-98
-16
-126
-122
-54
-32
-119
-125
-28
-33
-87
103
3
120
127
-113
-9
1
-45
126
39
-96
-48
13
26
-68
105
-54
-19
90
-15
-86
-92
98
89
107
42
42
7
11
-54
-43
9
36
104
-109
-81
19
63
-72
24
-45
-117
61
111
-49
27
-2
44
-15
30
-112
108
-59
28
42
42
107
-60
45
54
-43
42
121
53
21
-43
61
10
67
107
125
-94
-97
127
-57
-103
16
-125
-77
-55
10
-18
-46
106
-84
-44
118
-71
-97
26
-11
-7
-43
42
83
-11
31
66
99
-65
119
85
-45
54
-82
-106
10
43
96
44
20
28
-42
-84
37
92
-109
16
-113
-68
-76
62
-128
-17
-109
-84
115
-72
-116
78
99
-114
-61
27
42
-38
92
33
-107
101
107
35
-87
7
-38
92
-46
111
-55
-40
37
53
-44
-62
-76
117
-38
-76
-81
58
103
105
-30
54
-116
-21
-21
-79
-7
-93
-38
-125
91
-59
102
-13
3
91
0
108
36
41
108
-45
37
-43
-43
-123
-74
-85
10
42
17
81
-44
-50
-38
123
-123
-123
112
127
68
-29
42
47
50
48
-35
46
83
-26
-91
88
-37
109
10
34
90
122
-62
106
-49
-61
83
-25
121
101
37
-124
42
-99
115
-83
90
68
53
-94
26
80
50
-42
36
75
87
17
115
-33
71
-89
0
-100
-40
45
123
6
-56
97
122
-61
38
26
-22
44
87
87
33
93
37
-39
51
91
94
-6
-23
-28
-123
-60
90
22
107
-81
-22
49
17
72
-76
69
-38
87
22
43
24
61
-53
34
-112
93
97
57
44
73
96
127
-79
115
-126
48
75
4
105
46
42
-43
106
-108
80
-43
10
42
42
43
70
-107
-40
-93
-47
88
24
105
-97
108
-38
-22
50
96
45
57
32
-43
-78
7
99
-104
-85
-127
-118
-61
43
65
-52
74
64
54
17
22
74
77
-82
39
-110
-40
-50
84
115
53
42
74
9
73
21
28
124
-99
-29
-13
-65
-85
-100
113
27
-67
126
79
18
-115
67
8
-29
41
-111
54
-92
42
-94
-105
-55
103
28
-126
84
-105
72
28
-128
26
56
-69
109
-11
61
-68
-110
-115
-48
77
106
-42
-30
86
-34
-79
-66
122
-4
-125
46
64
3
112
-65
-82
-12
95
-97
-126
-124
-44
-84
41
7
-93
34
85
-37
98
114
93
101
-83
75
9
-125
-49
-40
-127
23
-114
-96
-18
-29
92
-1
-65
-41
-23
75
-64
-78
-2
-112
-113
-97
-65
64
-112
-1
-125
-97
127
112
-65
-13
-128
-16
-76
-106
-109
114
7
19
117
-33
-99
34
40
127
-112
-81
65
-5
-11
127
71
-121
-128
-99
-65
-128
-113
-114
-127
-97
-1
-121
-56
112
60
-65
-121
-121
95
120
-4
-98
4
-126
0
-64
-65
-125
-81
54
99
43
-83
93
-118
-54
46
-38
-109
123
-29
88
24
125
-15
11
-105
51
-75
-93
-17
-103
119
120
89
80
-18
-104
-36
-2
123
-60
36
70
104
-17
-108
19
90
101
-9
-110
90
6
61
-124
51
124
-77
94
63
11
66
115
-122
-99
9
-126
-33
-22
-46
-100
47
-5
-93
115
-100
125
-16
-111
64
-94
-40
-128
-96
12
29
112
-16
103
84
70
-42
-76
72
87
117
100
-81
48
22
-119
68
-79
-62
15
-116
72
-118
14
104
-2
-127
127
-82
-74
95
-127
-80
-121
-69
96
-19
-68
-65
-101
106
-98
29
-38
-89
65
-128
-10
-103
112
-16
