1
2
2
2
1
2
2
2
2
2
1
1
1
2
2
2
2
2
2
2
1
2
1
2
2
1
2
2
2
2
2
2
2
2
1
1
2
2
1
2
1
2
2
2
2
2
2
1
2
2
2
2
2
2
2
2
2
2
2
2
2
1
2
1
2
1
2
1
2
2
2
2
2
2
2
2
2
2
1
2
2
2
1
1
2
2
2
2
2
2
2
2
2
2
2
2
2
2
2
2
1
2
2
2
2
2
2
2
2
1
1
1
2
2
2
1
2
1
1
2
2
2
2
1
2
2
2
1
2
2
2
2
2
2
1
2
2
2
2
2
2
2
1
2
2
2
1
2
2
2
2
2
2
2
2
2
2
2
2
2
1
2
1
1
2
2
2
1
2
2
2
2
2
2
2
2
2
2
1
2
2
2
2
2
2
2
2
2
2
2
2
2
2
2
2
2
2
2
1
2
2
2
2
2
2
2
2
2
2
1
1
2
2
1
2
2
1
2
1
2
2
2
2
2
2
2
2
2
2
2
2
1
1
2
2
2
1
2
2
1
2
1
2
1
1
2
2
2
2
1
2
2
2
2
2
2
2
2
2
2
1
2
2
2
2
2
1
2
2
2
2
2
2
2
1
2
2
2
1
2
2
2
2
2
2
2
2
2
2
2
1
2
2
1
1
2
2
2
2
2
2
2
2
2
2
2
2
1
2
2
2
2
1
2
1
2
2
2
2
1
1
2
2
2
1
2
2
2
1
1
2
2
2
1
2
1
2
2
2
2
2
1
2
2
2
2
2
2
1
2
2
2
2
1
2
2
1
2
2
2
2
2
2
1
2
2
2
1
2
2
2
2
2
1
2
2
2
2
1
1
1
1
2
2
2
2
1
2
1
2
2
2
1
2
2
2
2
2
2
2
2
2
2
1
2
2
2
2
2
2
1
2
2
2
2
2
2
1
2
1
2
2
2
2
2
2
2
2
1
2
2
2
2
2
2
2
2
2
2
2
2
1
2
2
1
1
2
2
2
2
1
2
2
2
2
2
2
2
2
2
2
2
1
2
2
2
2
2
2
2
1
2
2
1
2
2
2
1
2
2
2
2
2
1
2
2
2
2
1
2
2
2
2
2
2
2
1
2
2
2
2
2
2
2
2
2
2
2
2
2
2
2
2
2
2
2
2
2
2
2
2
2
2
2
1
2
2
2
2
2
2
2
2
2
2
2
2
2
2
2
2
1
2
2
2
2
2
2
2
2
2
2
2
1
2
2
2
2
2
2
1
2
2
2
2
2
2
2
1
2
2
2
2
1
2
2
2
2
2
2
1
2
1
2
2
2
2
2
2
2
2
2
1
2
1
2
2
2
2
1
2
1
2
2
2
2
2
2
2
2
2
2
2
2
2
2
2
2
2
2
2
2
2
2
2
2
2
1
2
2
1
2
2
2
1
2
1
2
2
1
2
2
2
2
1
1
1
2
2
2
2
2
2
2
1
2
1
2
1
2
2
2
2
1
2
2
2
2
2
2
2
2
1
2
2
2
2
2
2
2
2
2
2
1
2
2
1
2
2
2
2
1
2
2
2
1
2
2
2
2
2
2
2
2
1
2
1
1
2
2
2
2
1
2
2
1
1
2
2
2
2
1
2
1
2
2
1
2
2
2
2
2
2
2
2
2
-128
-128
-128
-128
-128
-128
-128
-128
-75
-128
89
-128
-97
-128
109
-128
-128
-128
-128
-128
-128
-128
-128
-128
112
127
-128
-128
-114
-128
-128
-128
2
2
2
2
1
1
2
2
1
1
2
1
2
2
2
2
1
2
1
2
2
1
2
2
2
1
2
2
2
2
2
1
1
1
2
2
2
2
2
1
2
2
1
2
2
2
1
2
1
2
1
2
2
2
2
2
2
2
1
2
2
2
2
2
2
2
2
2
1
2
2
2
2
2
1
2
2
1
2
2
2
2
2
2
2
2
2
1
2
2
2
2
2
2
2
2
1
2
1
2
1
1
2
2
2
1
1
2
1
1
2
2
1
2
2
2
2
2
1
1
2
1
2
2
2
2
2
1
2
2
2
2
1
1
2
2
2
1
1
2
2
1
2
2
1
2
2
2
2
2
2
2
1
1
2
2
2
2
2
2
2
2
1
1
2
1
2
2
2
2
2
2
1
2
2
2
2
1
2
2
2
2
2
2
2
2
1
2
2
2
2
1
1
2
2
2
2
1
2
1
1
1
2
2
2
2
1
1
2
2
1
2
2
1
2
2
2
1
2
2
2
2
2
2
2
2
2
1
2
2
2
1
-52
93
-49
90
-54
57
-62
-1
-65
-52
-91
-85
-128
-109
-128
-122
-128
-126
-128
-128
-128
-127
-128
-126
-128
-123
-128
-121
-89
-120
-53
-119
-50
-109
-54
-61
-61
-1
-63
47
-89
74
-128
90
-128
99
-128
102
-128
103
-128
103
-128
101
-128
98
-128
95
-89
94
-54
94
-50
91
-54
62
-61
3
-63
-51
-89
-86
-128
-108
-128
-118
-128
-125
-128
-128
-128
-128
-128
-126
-128
-124
-128
-121
-90
-120
-53
-120
-50
-112
-53
-70
-62
-9
-63
43
-87
75
-128
91
-128
99
-128
102
-128
103
-128
104
-128
101
-128
98
-128
95
-90
93
-52
94
-48
92
-53
67
-62
12
-63
-44
-87
-86
-128
-108
-128
-120
-128
-125
-128
-127
-128
-128
-128
-126
-128
-124
-128
-121
-91
-119
-53
-119
-50
-114
-54
-73
-61
-13
-63
37
-85
71
-128
91
-128
100
-128
102
-128
103
-128
103
-128
101
-128
99
-128
96
-92
94
-53
93
-50
93
-53
70
-61
13
-63
-42
-85
-80
-128
-106
-128
-120
-128
-126
-128
-128
-128
-128
-128
-125
-128
-124
-128
-121
-92
-119
-53
-118
-49
-115
-53
-80
-61
-21
-64
34
-84
67
-128
84
-128
93
-128
97
-128
99
-128
100
-128
100
-128
100
-128
99
-91
98
-52
98
-49
97
-53
76
-62
22
-63
-38
-85
-82
-128
-105
-128
-117
-128
-124
-128
-128
-128
-128
-128
-126
-128
-124
-128
-120
-92
-120
-53
-119
-50
-117
-53
-83
-61
-23
-63
32
-83
69
-128
90
-128
98
-128
101
-128
103
-128
103
-128
101
-128
99
-128
96
-93
93
-54
93
-49
93
-52
77
-61
29
-63
-29
-84
-75
-128
-103
-128
-119
-128
-125
-128
-128
-128
-128
-128
-127
-128
-125
-128
-121
-92
-120
-53
-118
-50
-117
-52
-90
-61
-33
-63
23
-83
62
-128
86
-128
97
-128
101
-128
102
-128
101
-128
99
-128
97
-128
94
-92
92
-52
92
-48
93
-52
81
-60
32
-63
-26
-84
-69
-128
-99
-128
-116
-128
-125
-128
-128
-128
-128
-128
-126
-128
-124
-128
-122
-92
-120
-53
-119
-49
-117
-53
-94
-60
-35
-63
23
-83
62
-128
84
-128
95
-128
100
-128
102
-128
103
-128
101
-128
99
-128
95
-92
93
-53
93
-49
93
-52
83
-61
42
-63
-20
-84
-68
-128
-99
-128
-114
-128
-122
-128
-127
-128
-128
-128
-127
-128
-125
-128
-121
-93
-120
-53
-119
-49
-118
-53
-98
-60
-44
-63
9
-82
56
-128
83
-128
96
-128
101
-128
102
-128
104
-128
103
-128
101
-128
96
-93
92
-53
91
-49
92
-52
85
-61
43
-63
-14
-82
-57
-128
-94
-128
-114
-128
-123
-128
-126
-128
-128
-128
-127
-128
-125
-128
-122
-94
-120
-54
-119
-50
-118
-53
-101
-60
-46
-63
11
-81
53
-128
77
-128
94
-128
101
-128
103
-128
103
-128
103
-128
101
-128
97
-95
94
-54
93
-49
93
-53
88
-61
49
-63
-11
-82
-59
-128
-92
-128
-109
-128
-121
-128
-127
-128
-128
-128
-127
-128
-125
-128
-123
-95
-120
-54
-119
-49
-119
-52
-104
-60
-53
-63
7
-80
53
-128
79
-128
93
-128
99
-128
102
-128
104
-128
103
-128
101
-128
98
-95
95
-52
93
-49
94
-52
90
-61
54
-64
-6
-81
-59
-128
-93
-128
-112
-128
-121
-128
-125
-128
-128
-128
-127
-128
-125
-128
-122
-96
-120
-54
-119
-50
-120
-53
-107
-61
-57
-63
1
-79
49
-128
79
-128
94
-128
101
-128
103
-128
103
-128
103
-128
101
-128
98
-96
95
-54
94
-49
93
-53
91
-60
57
-63
-1
-79
-52
-128
-90
-128
-111
-128
-121
-128
-127
-128
-128
-128
-127
-128
-126
-128
-123
-97
-121
-55
-119
-50
-118
-52
-109
-60
-64
-63
-1
-79
47
-128
75
-128
94
-128
102
-128
105
-128
106
-128
105
-128
102
-128
99
-97
95
-53
93
-49
93
-52
91
-61
62
-64
2
-78
-53
-128
-89
-128
-109
-128
-121
-128
-127
-128
-128
-128
-128
-128
-126
-128
-123
-99
-120
-54
-120
-50
-120
-53
-112
-60
-68
-63
-7
-75
45
-128
76
-128
93
-128
100
-128
103
-128
104
-128
104
-128
102
-128
99
-101
95
-55
94
-50
93
-52
92
-60
67
-63
11
-75
-44
-128
-86
-128
-110
-128
-121
-128
-126
-128
-128
-128
-128
-128
-127
-128
-124
-101
-121
-55
-120
-50
-119
-52
-114
-60
-74
-63
-14
-74
37
-128
72
-128
91
-128
101
-128
103
-128
104
-128
104
-128
102
-128
99
-103
95
-53
94
-49
93
-52
92
-60
69
-64
16
-73
-39
-128
-81
-128
-106
-128
-120
-128
-126
-128
-128
-128
-128
-128
-127
-128
-125
-104
-121
-56
-120
-50
-119
-52
-114
-60
-78
-63
-18
-70
34
-128
69
-128
89
-128
98
-128
103
-128
104
-128
104
-128
102
-128
99
-107
96
-57
93
-49
93
-52
92
-60
74
-64
22
-71
-37
-128
-79
-128
-103
-128
-118
-128
-124
-128
-128
-128
-128
-128
-127
-128
-124
-108
-121
-55
-120
-50
-119
-52
-117
-59
-85
-64
-30
-70
27
-128
67
-128
88
-128
99
-128
103
-128
105
-128
105
-128
103
-128
100
-109
95
-55
93
-49
92
-52
92
-60
75
-64
28
-70
-24
-128
-73
-128
-103
-128
-117
-128
-124
-128
-128
-128
-128
-128
-127
-128
-125
-111
-122
-57
-120
-50
-119
-52
-118
-59
-88
-63
-31
-128
100
-128
102
-128
103
-128
102
-128
101
-127
98
-60
94
-50
93
-51
93
-58
90
-64
57
-64
-2
-128
-56
-128
-94
-128
-112
-128
-121
-128
-126
-128
-128
-128
-127
-128
-125
-127
-122
-59
-120
-50
-119
-50
-119
-58
-109
-64
-63
-63
-3
-128
46
-128
77
-128
94
-128
100
-128
102
-128
103
-128
103
-128
101
-128
98
-58
94
-49
93
-50
92
-58
91
-64
62
-65
6
-128
-48
-128
-88
-128
-110
-128
-122
-128
-126
-128
-128
-128
-128
-128
-126
-128
-124
-60
-121
-50
-120
-51
-118
-57
-112
-64
-68
-63
-10
-128
39
-128
71
-128
90
-128
99
-128
102
-128
103
-128
102
-128
100
-128
97
-60
94
-50
92
-50
91
-57
90
-64
66
-64
8
-128
-44
-128
-82
-128
-106
-128
-119
-128
-125
-128
-128
-128
-128
-128
-126
-128
-123
-60
-121
-51
-120
-50
-118
-58
-113
-64
-78
-63
-17
-128
37
-128
70
-128
88
-128
98
-128
102
-128
103
-128
103
-128
100
-128
97
-59
93
-49
91
-50
90
-58
90
-65
69
-64
22
-128
-37
-128
-81
-128
-105
-128
-117
-128
-124
-128
-127
-128
-128
-128
-126
-128
-124
-61
-120
-50
-119
-50
-119
-57
-115
-64
-80
-64
-24
-128
25
-128
65
-128
87
-128
96
-128
100
-128
102
-128
102
-128
101
-128
98
-61
94
-50
92
-50
91
-58
91
-64
73
-64
24
-128
-31
-128
-70
-128
-100
-128
-117
-128
-123
-128
-126
-128
-127
-128
-126
-128
-124
-61
-121
-50
-120
-51
-118
-57
-116
-63
-85
-63
-28
-128
26
-128
63
-128
82
-128
95
-128
101
-128
102
-128
102
-128
100
-128
97
-60
93
-49
91
-50
91
-57
91
-64
76
-64
28
-128
-30
-128
-73
-128
-98
-128
-112
-128
-122
-128
-126
-128
-127
-128
-126
-128
-123
-62
-121
-51
-119
-51
-118
-57
-116
-64
-91
-63
-32
-128
24
-128
63
-128
84
-128
94
-128
99
-128
101
-128
102
-128
101
-128
98
-61
95
-50
92
-49
91
-57
92
-64
81
-63
37
-128
-24
-128
-70
-128
-99
-128
-114
-128
-122
-128
-124
-128
-127
-128
-126
-128
-123
-62
-120
-50
-119
-49
-118
-57
-117
-64
-96
-63
-41
-128
14
-128
58
-128
83
-128
96
-128
102
-128
103
-128
104
-128
102
-128
99
-61
96
-49
93
-50
91
-58
91
-64
83
-64
39
-128
-18
-128
-63
-128
-96
-128
-114
-128
-122
-128
-126
-128
-127
-128
-125
-128
-124
-63
-121
-51
-119
-51
-118
-57
-117
-64
-98
-64
-43
-128
16
-128
57
-128
79
-128
94
-128
100
-128
102
-128
103
-128
101
-128
99
-63
96
-50
93
-50
93
-57
92
-64
86
-63
48
-128
-14
-128
-64
-128
-95
-128
-112
-128
-121
-128
-126
-128
-128
-128
-126
-128
-124
-63
-121
-49
-119
-50
-118
-57
-118
-63
-103
-63
-52
-128
7
-128
54
-128
80
-128
95
-128
100
-128
102
-128
103
-128
103
-128
100
-61
97
-49
94
-49
93
-57
93
-64
89
-64
55
-128
-4
-128
-57
-128
-93
-128
-113
-128
-122
-128
-125
-128
-128
-128
-127
-128
-125
-65
-122
-52
-119
-52
-118
-58
-118
-64
-106
-64
-59
-128
0
-128
48
-128
77
-128
93
-128
101
-128
103
-128
104
-128
103
-128
100
-65
98
-52
95
-52
93
-59
93
-65
90
-65
59
-128
1
-128
-50
-128
-87
-128
-109
-128
-121
-128
-126
-128
-128
-128
-127
-128
-125
-65
-123
-52
-120
-52
-118
-59
-118
-65
-109
-65
-64
-128
-2
-128
46
-128
75
-128
92
-128
101
-128
104
-128
105
-128
104
-128
101
-64
98
-51
95
-50
93
-58
93
-65
91
-65
66
-128
6
-128
-49
-128
-85
-128
-107
-128
-119
-128
-125
-128
-128
-128
-128
-128
-126
-65
-123
-52
-121
-52
-120
-58
-119
-65
-112
-64
-71
-128
-15
-128
40
-128
74
-128
92
-128
99
-128
103
-128
104
-128
104
-128
102
-65
99
-51
96
-51
94
-57
94
-64
93
-65
69
-128
15
-128
-36
-128
-81
-128
-107
-128
-119
-128
-125
-128
-127
-128
-128
-128
-126
-65
-124
-52
-121
-51
-120
-57
-119
-64
-114
-64
-75
-128
-16
-128
34
-128
67
-128
90
-128
100
-128
103
-128
104
-128
104
-128
102
-64
99
-49
96
-50
94
-57
94
-65
93
-65
72
-128
18
-128
-37
-128
-77
-128
-101
-128
-118
-128
-125
-128
-128
-128
-128
-128
-126
-66
-124
-51
-121
-51
-120
-57
-119
-64
-116
-64
-80
-128
-19
-128
34
-128
69
-128
89
-128
97
-128
102
-128
105
-128
105
-128
103
-65
101
-51
97
-50
95
-57
95
-64
94
-63
76
-128
24
-128
-34
-128
-78
-128
-103
-128
-117
-128
-123
-128
-127
-128
-128
-128
-127
-65
-124
-51
-121
-51
-120
-57
-119
-64
-117
-63
-87
-128
-29
-128
28
-128
67
-128
90
-128
100
-128
104
-128
105
-128
106
-128
104
-65
100
-50
97
-49
95
-57
94
-64
94
-64
79
-128
30
-128
-27
-128
-73
-128
-102
-128
-118
-128
-124
-128
-128
-128
-128
-128
-127
-66
-125
-50
-122
-50
-120
-56
-119
-64
-118
-63
-92
-128
-30
-128
25
-128
63
-128
87
-128
99
-128
103
-128
105
-128
105
-128
103
-67
101
-51
98
-50
96
-56
95
-64
95
-63
84
-128
36
-128
-26
-128
-71
-128
-99
-128
-117
-128
-125
-128
-128
-128
-128
-64
93
-63
92
-128
66
-128
9
-128
-42
-128
-80
-128
-106
-128
-120
-128
-126
-128
-128
-128
-128
-69
-126
-51
-124
-50
-122
-57
-120
-64
-119
-63
-114
-128
-73
-128
-11
-128
37
-128
70
-128
88
-128
98
-128
102
-128
103
-128
103
-68
102
-51
99
-50
95
-56
94
-64
94
-63
93
-128
70
-128
14
-128
-42
-128
-82
-128
-104
-128
-117
-128
-124
-128
-128
-128
-128
-69
-126
-51
-124
-50
-121
-56
-120
-64
-119
-63
-116
-128
-81
-128
-21
-128
34
-128
71
-128
90
-128
99
-128
102
-128
104
-128
105
-68
102
-50
99
-50
96
-56
93
-65
93
-64
93
-128
74
-128
24
-128
-35
-128
-79
-128
-105
-128
-118
-128
-124
-128
-127
-128
-128
-77
-127
-60
-125
-55
-121
-55
-120
-59
-120
-58
-117
-128
-85
-128
-25
-128
27
-128
66
-128
88
-128
98
-128
102
-128
103
-128
103
-69
101
-51
99
-51
96
-57
94
-64
93
-63
93
-128
78
-128
27
-128
-30
-128
-73
-128
-102
-128
-117
-128
-125
-128
-128
-128
-128
-69
-126
-53
-124
-53
-122
-59
-120
-66
-119
-64
-117
-128
-92
-128
-32
-128
26
-128
63
-128
85
-128
97
-128
102
-128
104
-128
104
-69
102
-50
100
-50
97
-57
94
-65
93
-65
93
-128
82
-128
36
-128
-24
-128
-74
-128
-100
-128
-115
-128
-124
-128
-128
-128
-128
-69
-127
-53
-125
-52
-122
-56
-120
-66
-120
-64
-118
-128
-96
-128
-41
-128
18
-128
60
-128
86
-128
97
-128
101
-128
103
-128
104
-69
102
-52
101
-50
97
-57
94
-65
94
-64
94
-128
86
-128
44
-128
-15
-128
-64
-128
-98
-128
-116
-128
-124
-128
-127
-128
-128
-68
-128
-51
-126
-51
-122
-57
-120
-64
-119
-63
-118
-128
-102
-128
-49
-128
8
-128
54
-128
81
-128
96
-128
103
-128
104
-128
104
-67
102
-50
100
-49
97
-56
94
-64
93
-64
92
-128
87
-128
49
-128
-8
-128
-59
-128
-93
-128
-113
-128
-123
-128
-128
-128
-128
-68
-128
-51
-126
-50
-123
-56
-121
-64
-119
-63
-118
-128
-105
-128
-56
-128
5
-128
50
-128
77
-128
93
-128
100
-128
103
-128
104
-68
103
-51
101
-50
98
-56
94
-64
94
-64
93
-128
90
-128
59
-128
-1
-128
-56
-128
-90
-128
-110
-128
-121
-128
-126
-128
-128
-68
-128
-51
-126
-50
-123
-56
-121
-63
-120
-63
-119
-128
-110
-128
-65
-128
-10
-128
43
-128
75
-128
92
-128
99
-128
102
-128
104
-67
103
-49
101
-49
98
-56
95
-65
93
-64
93
-128
91
-128
63
-128
8
-128
-41
-128
-85
-128
-109
-128
-120
-128
-125
-128
-128
-70
-128
-53
-126
-51
-124
-56
-121
-62
-120
-62
-119
-128
-112
-128
-69
-128
-10
-128
38
-128
68
-128
89
-128
99
-128
102
-128
103
-68
103
-52
101
-51
99
-57
95
-65
94
-63
93
-128
92
-128
67
-128
11
-128
-42
-128
-81
-128
-103
-128
-118
-128
-125
-128
-128
-68
-127
-51
-126
-51
-124
-57
-121
-64
-120
-64
-119
-128
-115
-128
-78
-128
-18
-128
35
-128
69
-128
89
-128
97
-128
102
-128
104
-66
104
-50
102
-50
99
-57
95
-65
93
-64
92
-128
92
-128
73
-128
20
-128
-38
-128
-80
-128
-104
-128
-117
-128
-123
-128
-127
-68
-128
-52
-126
-51
-124
-57
-121
-64
-120
-64
-120
-128
-117
-128
-85
-128
-28
-128
29
-128
67
-128
88
-128
98
-128
101
-128
103
-67
103
-51
101
-50
99
-57
95
-64
93
-64
93
-128
93
-128
78
-128
29
-128
-27
-128
-73
-128
-102
-128
-118
-128
-124
-128
-127
-69
-127
-52
-127
-51
-125
-56
-122
-64
-119
-64
-119
-128
-118
-128
-92
-128
-31
-128
23
-128
62
-128
85
-128
96
-128
102
-128
103
-68
103
-52
101
-50
99
-57
95
-66
93
-66
92
-128
92
-128
81
-128
35
-128
-26
-128
-72
-128
-99
-128
-116
-128
-124
-128
-127
-71
-128
-55
-126
-54
-124
-59
-122
-65
-120
-64
-119
-128
-118
-128
-96
-128
-40
-128
18
-128
62
-128
83
-128
95
-128
101
-128
103
-70
103
-53
102
-52
99
-58
97
-66
94
-66
93
-128
93
-128
85
-128
44
-128
-16
-128
-66
-128
-99
-128
-115
-128
-123
-128
-127
-70
-128
-53
-127
-52
-125
-58
-122
-66
-119
-65
-118
-128
-118
-128
-102
-128
-51
-128
9
-128
55
-128
83
-128
97
-128
102
-128
103
-68
104
-52
103
-52
99
-58
97
-67
93
-66
92
-128
92
-128
87
-128
51
-128
-7
-128
-59
-128
-94
-128
-113
-128
-123
-128
-127
-68
-128
-52
-127
-51
-126
-58
-123
-66
-120
-65
-119
-128
-118
-128
-105
-128
-55
-128
3
-128
49
-128
77
-128
93
-128
100
-128
103
-68
104
-52
102
-52
100
-58
97
-65
94
-65
93
-128
92
-128
89
-128
58
-128
-2
-128
-53
-128
-88
-128
-109
-128
-121
-128
-126
-68
-128
-52
-128
-51
-125
-57
-123
-65
-121
-64
-120
-128
-119
-128
-110
-128
-68
-128
-4
-128
46
-128
75
-128
92
-128
99
-128
102
-67
103
-50
103
-49
101
-56
97
-64
94
-64
93
-128
92
-128
91
-128
63
-128
10
-128
-47
-128
-88
-128
-109
-128
-119
-128
-125
-67
-128
-52
-128
-50
-126
-57
-123
-64
-121
-63
-119
-128
-119
-128
-112
-128
104
-128
-100
-128
-117
-128
-124
-65
-127
-49
-128
-49
-125
-55
-124
-62
-121
-62
-119
-128
-119
-128
-117
-128
-93
-128
-35
-128
24
-128
63
-128
84
-128
96
-128
101
-65
103
-50
103
-49
102
-55
99
-63
96
-62
94
-128
93
-128
93
-128
83
-128
38
-128
-23
-128
-71
-128
-100
-128
-114
-128
-123
-66
-127
-49
-128
-49
-126
-55
-125
-62
-121
-62
-120
-128
-119
-128
-117
-128
-98
-128
-43
-128
15
-128
60
-128
86
-128
98
-128
102
-65
103
-48
104
-48
103
-55
100
-63
97
-63
93
-128
93
-128
93
-128
85
-128
46
-128
-14
-128
-63
-128
-98
-128
-115
-128
-123
-66
-127
-50
-128
-49
-127
-55
-125
-62
-122
-61
-120
-128
-118
-128
-118
-128
-100
-128
-48
-128
8
-128
54
-128
81
-128
95
-128
102
-67
103
-49
103
-49
103
-55
100
-63
97
-62
94
-128
93
-128
93
-128
88
-128
49
-128
-8
-128
-58
-128
-93
-128
-113
-128
-123
-67
-128
-50
-128
-49
-127
-54
-125
-63
-123
-62
-120
-128
-119
-128
-118
-128
-104
-128
-53
-128
7
-128
51
-128
77
-128
93
-128
101
-67
103
-49
104
-48
103
-55
101
-63
98
-63
94
-128
93
-128
93
-128
89
-128
57
-128
-5
-128
-59
-128
-92
-128
-110
-128
-121
-69
-126
-50
-128
-49
-128
-56
-126
-63
-123
-63
-120
-128
-120
-128
-119
-128
-106
-128
-59
-128
-3
-128
47
-128
77
-128
93
-128
100
-68
102
-50
103
-49
103
-56
101
-64
98
-63
94
-128
93
-128
93
-128
90
-128
58
-128
2
-128
-46
-128
-88
-128
-111
-128
-121
-69
-126
-51
-128
-50
-127
-56
-126
-63
-124
-63
-121
-128
-119
-128
-119
-128
-109
-128
-63
-128
-4
-128
43
-128
72
-128
92
-128
101
-68
103
-50
105
-49
103
-55
101
-64
98
-64
95
-128
94
-128
93
-128
91
-128
61
-128
3
-128
-48
-128
-86
-128
-105
-128
-119
-71
-126
-51
-128
-50
-127
-56
-125
-64
-123
-64
-121
-128
-120
-128
-119
-128
-111
-128
-66
-128
-5
-128
43
-128
73
-128
91
-128
98
-71
101
-51
103
-49
103
-56
101
-64
98
-64
95
-128
93
-128
93
-128
93
-128
67
-128
9
-128
-47
-128
-86
-128
-107
-128
-119
-73
-124
-52
-127
-50
-127
-56
-126
-64
-124
-63
-120
-127
-120
-128
-119
-128
-113
-128
-71
-128
-13
-128
39
-128
73
-128
92
-128
99
-71
102
-50
103
-49
103
-55
101
-65
99
-65
95
-125
94
-128
93
-128
93
-128
67
-128
10
-128
-42
-128
-84
-128
-108
-128
-120
-74
-125
-51
-128
-50
-127
-55
-126
-64
-124
-64
-121
-121
-119
-128
-119
-128
-114
-128
-74
-128
-10
-128
39
-128
70
-128
90
-128
99
-74
102
-52
104
-50
104
-55
101
-64
98
-64
96
-121
94
-128
93
-128
93
-128
71
-128
15
-128
-43
-128
-83
-128
-105
-128
-119
-75
-125
-52
-128
-50
-128
-55
-126
-63
-123
-64
-120
-118
-119
-128
-118
-128
-115
-128
-79
-128
-19
-128
36
-128
72
-128
91
-128
99
-75
103
-50
104
-50
104
-56
102
-63
99
-64
95
-117
93
-128
93
-128
92
-128
72
-128
21
-128
-36
-128
-80
-128
-107
-128
-120
-77
-125
-52
-128
-51
-128
-55
-127
-64
-125
-64
-121
-114
-120
-128
-119
-128
-117
-128
-82
-128
-24
-128
29
-128
67
-128
89
-128
99
-77
103
-52
104
-49
104
-55
102
-64
99
-64
96
-114
94
-128
93
-128
93
-128
75
-128
25
-128
-31
-128
-76
-128
-103
-128
-119
-77
-126
-52
-128
-49
-128
-54
-127
-63
-125
-63
-122
-113
-120
-128
-119
-128
-115
-128
-85
-128
-25
-128
28
-128
65
-128
86
-128
98
-76
102
-50
105
-48
104
-54
102
-63
100
-64
96
-114
94
-128
93
-128
93
-128
77
-128
27
-128
-32
-128
-75
-128
-101
-128
-117
-78
-125
-52
-128
-50
-128
-54
-127
-62
-125
-64
-122
-111
-120
-128
-120
-128
-117
-128
-88
-128
-34
-128
24
-128
65
-128
87
-128
97
-78
102
-51
103
-49
104
-54
103
-63
100
-64
97
-111
94
-128
93
-128
93
-128
80
-128
32
-128
-21
-128
-71
-128
-101
-128
-116
-78
-123
-51
-127
-50
-128
-55
-127
-63
-125
-64
-122
-112
-120
-128
-119
-128
-118
-128
-91
-128
-34
-128
21
-128
58
-128
85
-128
98
-76
102
-49
104
-48
104
-55
102
-63
100
-63
96
-112
93
-128
93
-128
92
-128
80
-128
32
-128
-24
-128
-69
-128
-96
-128
-115
-77
-124
-51
-128
-50
-128
-55
-127
-63
-125
-64
-122
-111
-121
-128
-120
-128
-118
-128
-93
-128
-35
-128
22
-128
62
-128
83
-128
94
-77
101
-52
103
-49
104
-54
102
-62
100
-64
97
-113
94
-128
93
-128
93
-128
83
-128
37
-128
-23
-128
-70
-128
-99
-128
-114
-76
-122
-51
-127
-49
-128
-55
-127
-62
-125
-63
-122
-113
-120
-128
-120
-128
-119
-128
-96
-128
-41
-128
17
-128
60
-128
84
-128
96
-76
101
-49
103
-48
103
-54
103
-63
100
-63
97
-114
94
-128
93
-128
93
-128
84
-128
40
-128
-17
-128
-67
-128
-99
-128
-116
-76
-123
-51
-127
-49
-127
-54
-127
-62
-125
-63
-122
-114
-120
-128
-119
-128
-118
-128
-98
-128
-39
-128
16
-128
57
-128
83
-128
96
-76
102
-50
103
-65
101
-64
98
-128
94
-128
93
-128
93
-128
90
-128
57
-128
0
-128
-51
-128
-85
-128
-109
-73
-121
-53
-126
-52
-128
-57
-127
-66
-126
-65
-123
-128
-121
-128
-120
-128
-119
-128
-108
-128
-61
-128
-1
-128
46
-128
74
-128
90
-73
99
-52
102
-50
103
-57
103
-64
101
-65
98
-128
95
-128
94
-128
93
-128
91
-128
61
-128
2
-128
-52
-128
-88
-128
-108
-73
-118
-53
-125
-51
-128
-57
-128
-65
-126
-65
-123
-128
-121
-128
-120
-128
-120
-128
-111
-128
-67
-128
-6
-128
45
-128
75
-128
92
-72
99
-51
101
-50
103
-56
103
-65
101
-65
98
-128
95
-128
93
-128
93
-128
92
-128
65
-128
9
-128
-47
-128
-87
-128
-108
-73
-120
-52
-125
-51
-127
-57
-127
-64
-126
-64
-124
-128
-121
-128
-120
-128
-119
-128
-112
-128
-69
-128
-10
-128
39
-128
73
-128
91
-73
99
-52
103
-51
103
-56
103
-65
101
-65
98
-127
95
-128
94
-128
93
-128
92
-128
67
-128
8
-128
-45
-128
-83
-128
-107
-73
-120
-52
-126
-51
-128
-57
-128
-64
-125
-64
-124
-128
-121
-128
-119
-128
-118
-128
-113
-128
-75
-128
-14
-128
40
-128
72
-128
91
-73
99
-51
103
-51
105
-56
104
-65
101
-64
99
-128
95
-128
93
-128
93
-128
92
-128
70
-128
15
-128
-42
-128
-85
-128
-108
-72
-119
-52
-125
-50
-128
-56
-128
-64
-126
-65
-124
-126
-120
-128
-119
-128
-119
-128
-115
-128
-79
-128
-19
-128
35
-128
71
-128
91
-73
99
-52
102
-51
103
-56
103
-64
101
-65
99
-125
95
-128
93
-128
93
-128
93
-128
73
-128
22
-128
-35
-128
-79
-128
-105
-74
-120
-52
-125
-50
-127
-56
-128
-63
-127
-64
-125
-123
-121
-128
-119
-128
-118
-128
-116
-128
-82
-128
-25
-128
28
-128
66
-128
88
-73
99
-50
102
-49
104
-55
104
-65
102
-65
99
-123
96
-128
94
-128
93
-128
93
-128
76
-128
25
-128
-32
-128
-75
-128
-101
-74
-117
-52
-125
-50
-128
-56
-128
-63
-126
-63
-124
-121
-122
-128
-121
-128
-119
-128
-117
-128
-89
-128
-30
-128
27
-128
64
-128
85
-75
97
-52
101
-50
103
-55
103
-64
102
-63
99
-118
96
-128
94
-128
93
-128
93
-128
80
-128
36
-128
-26
-128
-74
-128
-101
-76
-116
-51
-124
-51
-127
-56
-128
-63
-127
-64
-125
-116
-121
-128
-119
-128
-119
-128
-117
-128
-93
-128
-37
-128
15
-128
60
-128
86
-75
98
-51
102
-49
104
-55
105
-64
103
-64
100
-116
97
-128
94
-128
93
-128
93
-128
81
-128
36
-128
-21
-128
-64
-128
-98
-76
-115
-53
-124
-50
-127
-54
-128
-64
-127
-64
-125
-113
-122
-128
-121
-128
-119
-128
-118
-128
-95
-128
-38
-128
18
-128
58
-128
79
-78
94
-52
101
-50
103
-56
103
-64
102
-64
100
-112
97
-128
94
-128
93
-128
93
-128
85
-128
42
-128
-18
-128
-65
-128
-95
-79
-111
-52
-122
-50
-127
-55
-128
-63
-127
-62
-125
-111
-122
-128
-120
-128
-120
-128
-119
-128
-100
-128
-46
-128
13
-128
57
-128
81
-78
94
-50
100
-49
102
-54
104
-63
103
-64
100
-108
97
-128
94
-128
93
-128
93
-128
87
-128
49
-128
-12
-128
-63
-128
-95
-80
-113
-52
-121
-50
-125
-55
-127
-63
-127
-63
-125
-107
-122
-128
-120
-128
-119
-128
-119
-128
-103
-128
-51
-128
6
-128
53
-128
80
-81
94
-52
101
-49
103
-54
103
-63
103
-64
100
-106
98
-128
95
-128
93
-128
93
-128
89
-128
51
-128
-7
-128
-56
-128
-92
-81
-112
-53
-122
-50
-126
-54
-128
-63
-126
-63
-125
-104
-123
-128
-120
-128
-119
-128
-118
-128
-107
-128
-57
-128
5
-128
51
-128
78
-80
94
-51
102
-49
104
-55
105
-64
103
-64
101
-105
98
-128
94
-128
93
-128
93
-128
90
-128
57
-128
-2
-128
-57
-128
-92
-82
-110
-52
-121
-50
-126
-55
-128
-63
-127
-63
-125
-102
-122
-128
-120
-128
-120
-128
-119
-128
-109
-128
-63
-128
-3
-128
47
-128
78
-82
93
-52
100
-50
103
-54
104
-63
103
-64
101
-100
99
-128
95
-128
93
-128
93
-128
91
-128
64
-128
7
-128
-48
-128
-88
-84
-111
-52
-121
-50
-126
-54
-128
-62
-128
-63
-126
-99
-123
-128
-120
-128
-119
-128
-118
-128
-112
-128
-70
-128
-11
-128
39
-128
73
-82
91
-51
101
-49
103
-54
103
-63
103
-64
102
-100
99
-128
95
-128
94
-128
93
-128
92
-128
67
-128
12
-128
-41
-128
-83
-84
-107
-53
-120
-50
-126
-55
-128
-62
-128
-63
-126
-98
-124
-128
-121
-128
-120
-128
-119
-128
-113
-128
-76
-128
-15
-128
37
-128
69
-84
89
-53
99
-50
103
-55
105
-62
104
-64
102
-97
99
-128
95
-128
94
-128
94
-128
93
-128
73
-128
19
-128
-39
-128
-80
-86
-104
-52
-118
-50
-125
-54
-128
-62
-128
-63
-127
-96
-124
-128
-121
-128
-120
-128
-119
-128
-116
-128
-84
-128
-29
-128
30
-128
68
-84
89
-52
99
-49
103
-55
105
-63
105
-65
102
-96
99
-128
96
-128
93
-128
93
-128
92
-49
-128
-54
-127
-62
-125
-63
-122
-117
-120
-128
-119
-128
-118
-128
-100
-128
-44
-128
15
-128
60
-128
83
-128
96
-89
82
-52
97
-50
103
-54
104
-62
104
-64
103
-90
100
-128
97
-128
94
-128
93
-128
93
-128
87
-128
48
-128
-15
-128
-63
-90
-94
-54
-113
-50
-123
-54
-128
-62
-128
-63
-127
-87
-125
-128
-122
-128
-121
-128
-120
-128
-119
-128
-104
-128
-53
-128
8
-128
55
-91
81
-53
94
-51
100
-54
103
-62
104
-63
103
-87
100
-128
97
-128
94
-128
94
-128
94
-128
90
-128
55
-128
-4
-128
-59
-92
-95
-54
-113
-50
-121
-54
-126
-61
-128
-63
-128
-85
-126
-128
-123
-128
-120
-128
-119
-128
-119
-128
-108
-128
-60
-128
-1
-128
49
-92
79
-52
95
-49
101
-54
103
-62
104
-65
103
-85
101
-128
98
-128
95
-128
93
-128
93
-128
91
-128
59
-128
2
-128
-52
-93
-89
-54
-111
-50
-122
-54
-127
-61
-128
-63
-128
-83
-126
-128
-124
-128
-121
-128
-120
-128
-119
-128
-110
-128
-63
-128
-4
-128
43
-94
74
-54
92
-51
99
-53
103
-61
104
-63
103
-81
101
-128
99
-128
96
-128
94
-128
94
-128
91
-128
64
-128
4
-128
-48
-95
-85
-55
-108
-50
-121
-53
-126
-61
-128
-64
-128
-81
-126
-128
-124
-128
-121
-128
-120
-128
-119
-128
-112
-128
-74
-128
-11
-128
42
-96
73
-53
92
-50
100
-54
104
-61
105
-64
105
-81
102
-128
99
-128
95
-128
93
-128
93
-128
92
-128
67
-128
16
-128
-42
-96
-84
-55
-107
-51
-119
-53
-125
-61
-128
-63
-128
-79
-127
-128
-124
-128
-121
-128
-120
-128
-119
-128
-114
-128
-75
-128
-17
-128
30
-98
69
-55
90
-50
99
-53
102
-60
104
-63
104
-77
101
-128
99
-128
95
-128
93
-128
93
-128
93
-128
72
-128
19
-128
-36
-99
-75
-55
-103
-50
-119
-52
-125
-60
-128
-63
-128
-76
-126
-128
-125
-128
-122
-128
-121
-128
-119
-128
-116
-128
-80
-128
-19
-128
32
-100
67
-54
86
-49
97
-52
102
-60
104
-64
104
-76
102
-128
99
-128
96
-128
94
-128
94
-128
93
-128
74
-128
21
-128
-35
-101
-78
-56
-102
-50
-114
-52
-124
-60
-128
-63
-128
-74
-126
-128
-124
-128
-121
-128
-120
-128
-120
-128
-117
-128
-86
-128
-26
-128
30
-103
67
-56
88
-50
97
-53
101
-60
103
-64
104
-73
102
-128
99
-128
96
-128
93
-128
93
-128
94
-128
78
-128
30
-128
-30
-105
-76
-56
-103
-50
-117
-53
-123
-60
-127
-64
-128
-72
-127
-128
-124
-128
-121
-128
-120
-128
-119
-128
-117
-128
-90
-128
-32
-128
22
-106
63
-54
87
-49
98
-52
103
-60
105
-64
104
-71
102
-128
100
-128
96
-128
94
-128
93
-128
93
-128
81
-128
31
-128
-27
-107
-71
-57
-100
-50
-117
-52
-124
-59
-128
-64
-128
-70
-126
-128
-125
-128
-122
-128
-120
-128
-119
-128
-118
-128
-94
-128
-35
-128
24
-110
63
-56
85
-50
97
-52
101
-59
103
-64
104
-69
102
-128
100
-128
97
-128
94
-128
93
-128
93
-128
84
-128
39
-128
-22
-111
-71
-57
-100
-51
-115
-52
-123
-59
-128
-64
-128
-69
-127
-128
-125
-128
-122
-128
-120
-128
-120
-128
-118
-128
-98
-128
-43
-128
15
-112
59
-56
85
-49
97
-52
102
-60
103
-64
105
-68
103
-128
101
-128
97
-128
94
-128
94
-128
93
-128
86
-128
46
-128
-14
-113
-64
-58
-98
-50
-117
-52
-124
-59
-127
-63
-128
-67
-127
-128
-125
-128
-122
-128
-120
-128
-118
-128
-119
-128
-101
-128
-47
-128
9
-115
54
-57
82
-51
96
-52
102
-59
103
-63
104
-66
103
-128
101
-128
98
-128
95
-128
94
-128
93
-128
88
-128
49
-128
-9
-118
-59
-58
-93
-51
-113
-52
-123
-58
-128
-63
-128
-66
-128
-128
-126
-128
-123
-128
-120
-128
-119
-128
-118
-128
-105
-128
-55
-128
6
-118
52
-57
78
-49
95
-52
101
-59
105
-64
105
-67
104
-128
101
-128
98
-128
94
-128
93
-128
93
-128
89
-128
57
-128
-4
-119
-59
-58
-93
-51
-110
-52
-121
-59
-127
-64
-128
-66
-128
-128
-126
-128
-123
-128
-121
-128
-120
-128
-119
-128
-107
-128
-60
-128
-4
-121
47
-58
78
-50
94
-51
100
-58
103
-64
104
-66
104
-128
102
-128
99
-128
95
-128
93
-128
93
-128
91
-128
59
-128
3
-123
-45
-59
-88
-50
-110
-52
-121
-58
-126
-63
-128
-65
-128
-128
-126
-128
-124
-128
-121
-128
-120
-128
-119
-128
-110
-128
-63
-128
-5
-124
43
-57
71
-50
91
-51
100
-58
103
-65
104
-66
103
-128
101
-128
99
-128
95
-128
94
-128
93
-128
91
-128
62
-128
3
-124
-48
-59
-85
-50
-105
-51
-119
-58
-126
-64
-128
-64
-128
-128
-126
-128
-124
-128
-121
-128
-121
-128
-120
-128
-112
-128
-68
-128
-6
-125
43
-59
74
-50
90
-51
98
-58
102
-64
104
-64
103
-128
101
-128
99
-128
96
-128
94
-128
94
-128
92
-128
67
-128
9
-128
-46
-67
-86
-60
-107
-56
-119
-55
-124
-57
-128
-59
-128
-128
-126
-128
-124
-128
-120
-128
-120
-128
-119
-128
-114
-128
-74
-128
-15
-128
39
-60
73
-50
92
-51
100
-58
103
-65
103
-64
104
-128
101
-128
99
-128
95
-128
93
-128
93
-128
92
-128
68
-128
13
-128
-40
-60
-82
-52
-107
-55
-120
-61
-125
-128
-128
-126
-128
-122
-128
-120
-128
-119
-128
-119
-128
-98
-128
-44
-128
11
-62
52
-50
81
-50
96
-57
101
-65
103
-65
104
-128
103
-128
101
-128
97
-128
94
-128
94
-128
94
-128
86
-128
44
-128
-15
-64
-62
-51
-92
-51
-113
-57
-123
-64
-127
-64
-128
-128
-127
-128
-125
-128
-123
-128
-121
-128
-120
-128
-119
-128
-101
-128
-46
-128
12
-64
55
-51
79
-51
93
-57
100
-64
103
-64
104
-128
103
-128
101
-128
98
-128
94
-128
94
-128
94
-128
88
-128
49
-128
-12
-65
-62
-52
-94
-51
-112
-57
-121
-64
-127
-64
-128
-128
-128
-128
-126
-128
-123
-128
-121
-128
-120
-128
-119
-128
-105
-128
-55
-128
6
-65
54
-50
81
-51
95
-57
102
-65
103
-64
104
-128
103
-128
101
-128
98
-128
95
-128
93
-128
93
-128
89
-128
53
-128
-4
-66
-58
-52
-94
-51
-112
-58
-122
-65
-126
-64
-128
-128
-127
-128
-126
-128
-123
-128
-121
-128
-119
-128
-120
-128
-108
-128
-56
-128
2
-68
49
-52
78
-51
94
-57
101
-65
103
-65
104
-128
103
-128
101
-128
98
-128
94
-128
93
-128
93
-128
91
-128
58
-128
-4
-69
-55
-53
-88
-52
-110
-58
-122
-65
-127
-66
-128
-128
-128
-128
-125
-128
-123
-128
-121
-128
-120
-128
-119
-128
-109
-128
-62
-128
1
-69
50
-50
78
-50
93
-58
100
-68
103
-68
104
-128
104
-128
101
-128
99
-128
95
-128
94
-128
94
-128
91
-128
62
-128
3
-70
-52
-53
-92
-52
-112
-58
-121
-66
-126
-66
-128
-128
-128
-128
-126
-128
-123
-128
-121
-128
-120
-128
-120
-128
-111
-128
-67
-128
-7
-71
45
-53
75
-52
94
-57
101
-66
103
-65
105
-128
104
-128
102
-128
98
-128
95
-128
93
-128
93
-128
92
-128
66
-128
8
-71
-45
-52
-85
-52
-109
-57
-122
-65
-127
-65
-128
-128
-128
-128
-126
-128
-124
-128
-121
-128
-119
-128
-118
-128
-113
-128
-71
-128
-13
-70
38
-51
72
-51
92
-57
101
-65
104
-66
105
-128
105
-128
102
-128
99
-128
95
-128
93
-128
93
-128
91
-128
68
-128
10
-71
-43
-52
-82
-50
-107
-57
-120
-64
-126
-64
-128
-128
-128
-128
-127
-128
-124
-128
-121
-128
-120
-128
-119
-128
-114
-128
-79
-128
-17
-72
38
-51
71
-50
89
-56
99
-64
103
-64
104
-126
104
-128
102
-128
99
-128
95
-128
94
-128
93
-128
93
-128
72
-128
24
-73
-36
-51
-81
-49
-105
-55
-118
-63
-125
-64
-128
-122
-128
-128
-127
-128
-125
-128
-121
-128
-120
-128
-120
-128
-117
-128
-81
-128
-24
-72
27
-50
67
-48
89
-54
99
-64
102
-64
104
-121
104
-128
102
-128
100
-128
96
-128
94
-128
93
-128
93
-128
74
-128
23
-74
-32
-51
-72
-49
-102
-55
-119
-62
-125
-63
-128
-117
-128
-128
-126
-128
-125
-128
-122
-128
-120
-128
-119
-128
-117
-128
-84
-128
-24
-74
29
-51
64
-49
84
-55
97
-64
102
-63
104
-113
104
-128
102
-128
99
-128
96
-128
94
-128
94
-128
93
-128
77
-128
26
-75
-32
-50
-75
-48
-101
-53
-115
-64
-124
-64
-128
-110
-128
-128
-127
-128
-125
-128
-121
-128
-120
-128
-120
-128
-118
-128
-90
-128
-30
-74
27
-49
66
-128
88
-124
98
0
102
-128
104
-128
105
-128
102
-112
99
-14
96
-128
93
-128
93
-128
93
-117
80
-113
33
-128
-27
-119
-74
-128
-102
-128
-117
-128
-124
-128
-127
-128
-128
-128
-127
-128
-125
-128
-122
-59
-120
-49
-120
-50
-118
-58
-92
-65
-34
-64
20
-128
61
-128
86
-128
97
-128
101
-128
103
-128
103
-128
101
-128
99
-128
95
-61
92
-50
92
-50
93
-58
83
-64
35
-63
-24
-128
-66
-128
-98
-128
-116
-128
-124
-128
-127
-128
-128
-128
-127
-128
-126
-128
-123
-62
-120
-49
-119
-50
-118
-57
-96
-64
-39
-64
21
-128
62
-128
85
-128
97
-128
102
-128
104
-128
104
-128
103
-128
99
-128
96
-63
92
-50
91
-51
91
-58
83
-64
40
-63
-21
-128
-69
-128
-98
-128
-114
-128
-123
-128
-128
-128
-128
-128
-127
-128
-125
-128
-122
-62
-120
-49
-120
-50
-118
-57
-98
-64
-43
-64
15
-128
59
-128
86
-128
97
-128
102
-128
103
-128
104
-128
103
-128
-128
-128
-128
-64
-128
-51
-128
-50
-128
-57
-128
-63
-128
-62
-128
-128
-128
-128
-128
-128
-128
-128
-128
-128
127
-128
-128
-128
-128
-128
-128
-128
101
-65
103
-50
104
-50
103
-56
100
-63
98
-63
94
-128
93
-128
92
-128
90
-128
58
-128
0
-128
-50
-128
-88
-128
-110
-128
-121
-65
-126
-50
-128
-50
-127
-56
-125
-64
-123
-62
-121
-128
-119
-128
-119
-128
-111
-128
-64
-128
-2
-128
45
-128
74
-128
91
-128
99
-65
103
-49
104
-49
103
-56
101
-64
98
-63
95
-128
93
-128
93
-128
91
-128
66
-128
8
-128
-48
-128
-87
-128
-107
-128
-120
-67
-126
-50
-128
-50
-128
-56
-126
-63
-123
-63
-120
-128
-119
-128
-118
-128
-113
-128
-75
-128
-15
-128
39
-128
73
-128
91
-128
99
-67
102
-50
104
-49
104
-64
104
-64
103
-128
101
-128
99
-128
96
-128
94
-128
93
-128
93
-128
73
-128
18
-128
-40
-61
-81
-52
-104
-52
-125
-63
-123
-113
-121
-128
-120
-128
-118
-128
-103
-128
-50
-128
7
-128
52
-128
78
-128
92
-77
100
-51
103
-50
103
-54
102
-65
101
-65
98
-110
94
-128
93
-128
93
-128
89
-128
53
-128
-6
-128
-58
-128
-92
-128
-110
-79
-119
-52
-126
-50
-128
-55
-127
-63
-125
-63
-122
-105
-120
-128
-120
-128
-119
-128
-108
-128
-61
-128
0
-128
50
-128
79
-128
94
-82
101
-54
103
-51
104
-54
103
-63
101
-65
98
-103
94
-128
93
-128
93
-128
91
-128
60
-128
3
-128
-52
-128
-90
-128
-111
-84
-121
-54
-125
-53
-127
-57
-127
-64
-126
-64
-123
-101
-120
-128
-120
-128
-119
-128
-111
-128
-64
-128
-5
-128
43
-128
74
-128
92
-85
99
-52
102
-48
103
-54
102
-64
101
-65
98
-99
95
-128
94
-128
93
-128
92
-128
66
-128
6
-128
-47
-128
-84
-128
-107
-86
-120
-54
-126
-51
-128
-55
-128
-63
-125
-64
-124
-95
-121
-128
-120
-128
-118
-128
-113
-128
-74
-128
-12
-128
41
-128
73
-128
90
-87
99
-53
102
-50
103
-54
103
-62
101
-64
98
-94
94
-128
93
-128
93
-128
92
-128
70
-128
15
-128
-42
-128
-85
-128
-107
-88
-119
-53
-125
-50
-128
-54
-128
46
-126
78
-124
95
-121
102
-120
103
-119
103
-115
103
-80
100
-21
98
33
94
69
91
90
91
99
91
102
74
104
16
103
-46
102
-88
99
-110
96
-121
93
-125
93
-127
93
-127
75
-125
25
-122
-33
-119
-78
-118
-105
-117
-120
-116
-126
-83
-128
-15
-128
41
-127
74
-125
92
-121
100
-119
102
-118
103
-116
103
-86
101
-29
98
26
94
65
92
88
92
99
92
104
80
105
25
104
-39
102
-84
99
-108
96
-119
93
-125
93
-127
92
-127
78
-125
29
-122
-28
-120
-71
-118
-101
-117
-117
-116
-125
-92
-128
-26
-128
34
-127
71
-125
91
-122
100
-120
103
-119
102
-117
103
-93
101
-34
98
23
95
62
92
84
92
96
92
101
84
103
33
104
-32
103
-79
100
-106
96
-119
94
-124
93
-126
94
-127
83
-125
42
-123
-20
-120
-69
-118
-98
-118
-115
-117
-123
-96
-127
-34
-128
28
-128
68
-125
90
-122
98
-120
102
-119
103
-118
103
-98
102
-45
98
9
96
56
93
83
92
95
92
101
87
103
41
104
-25
103
-75
101
-103
97
-118
94
-123
94
-127
93
-127
86
-125
47
-123
-12
-120
-56
-118
-94
-117
-113
-117
-122
-102
-126
-44
-128
21
-128
65
-125
89
-123
99
-121
103
-119
103
-119
104
-102
102
-50
99
7
96
51
92
75
92
93
92
100
89
103
49
104
-17
103
-69
101
-100
98
-116
94
-123
94
-126
93
-127
89
-126
52
-124
-7
-121
-57
-118
-90
-118
-108
-117
-121
-106
-126
-50
-128
15
-127
60
-125
85
-122
97
-121
102
-120
102
-119
103
-107
102
-59
99
3
96
51
-1
-128
-128
-128
-33
-128
8
-61
-44
10
-22
-36
42
88
-100
22
-96
97
13
3
-14
-31
115
-81
96
-35
111
-65
127
-121
-125
-68
-65
124
116
120
-104
-96
-100
-97
84
94
-83
-107
-43
36
121
69
62
-99
87
112
-115
-105
25
27
-111
-105
-81
-128
-15
15
62
108
-68
-95
-32
-127
-35
37
20
-103
-113
-127
-127
-113
-65
-128
-128
-128
64
-2
-113
-1
-60
-74
127
-128
75
-70
52
-18
55
-99
-7
-62
10
83
-108
90
56
58
-6
-83
51
-97
78
124
-126
-128
98
120
17
-99
56
-64
-128
112
-97
-16
94
113
-119
-99
-128
-112
117
-12
-62
-128
-113
-121
-8
-97
127
-128
49
114
5
-52
86
5
-86
-101
119
-91
117
95
14
-78
73
-67
-29
-97
127
63
-32
-114
-121
-128
-70
-127
-123
-128
-128
126
76
-1
74
21
40
21
87
-103
109
36
28
57
52
-33
67
-16
85
1
-113
-112
-122
-128
-113
-128
-68
123
31
-72
67
-105
86
38
-121
26
-66
-125
-1
-121
-98
-125
-88
-97
-65
127
-121
-96
-65
-2
-128
-118
4
-31
109
32
26
69
31
-126
58
-43
-54
-54
55
85
14
-43
65
127
-120
-104
-86
-33
-112
-1
111
99
78
-105
112
-21
121
-113
-16
-127
-36
-93
-121
-40
84
-70
-114
-65
-114
-125
96
-8
101
100
-48
-40
-60
-116
-59
-113
56
-105
41
22
-63
-99
-50
-66
90
-59
-101
-64
-112
-128
-89
-71
-128
-127
126
127
-33
-121
-17
-127
94
-98
49
20
-118
55
-105
-110
-37
21
-4
-117
93
-40
-78
-7
62
-9
-65
-128
-32
-121
-121
71
-24
-4
-4
36
-3
36
-80
106
101
-68
-66
-128
-61
-1
-128
-128
-13
-125
-122
-114
-100
-128
-96
-121
-95
-127
91
33
-49
-26
-57
102
-23
30
11
66
-69
-43
44
-65
73
-28
29
-4
-32
-65
-121
127
-61
-100
-34
109
-94
-128
126
-122
-49
-124
-94
-23
-41
-104
-102
-91
-127
-16
-65
-113
-126
-64
-128
-121
64
-125
-43
-109
-65
64
-65
-67
126
109
-10
-126
-60
-3
-71
-16
-112
-78
112
95
-4
-121
-125
-128
-128
-128
-56
101
-63
98
-63
95
-128
93
-128
93
-128
92
-128
71
-128
18
-128
-39
-128
-83
-128
-107
-128
-120
-68
103
17
-126
-4
-4
-127
-106
112
127
113
19
69
41
36
53
-27
10
42
37
53
38
38
-43
23
41
20
45
-24
35
-19
-45
79
126
12
35
90
21
-37
42
-34
43
33
37
-125
-33
-25
-128
-105
21
-18
-51
82
-42
-85
28
113
-76
69
-118
-19
38
-85
-107
-107
69
50
-53
34
18
110
42
53
74
-27
85
12
-19
-30
-2
-70
123
27
-125
-1
102
98
35
-88
-21
70
10
42
45
45
42
90
40
7
-43
-93
-11
-90
87
1
-63
-76
26
-43
-121
-38
40
-99
52
-44
82
106
43
-71
37
42
42
53
-99
-93
-79
-76
-111
-74
-119
-86
-11
-93
-125
-126
81
119
-37
-110
-97
106
42
61
42
43
-91
23
26
54
21
53
37
21
85
73
21
-14
44
-3
-35
68
56
57
-84
90
-43
-19
85
34
58
-44
122
-6
-47
-3
-128
86
-115
5
-93
57
47
-81
25
35
-25
107
-116
-88
43
-37
-124
-10
58
-36
37
62
58
-54
85
-83
53
34
-86
-114
-50
-77
-128
88
-115
63
-97
0
-125
-26
111
-3
103
-24
79
-44
40
52
42
-23
21
97
42
12
-82
124
-71
-67
-103
-65
-65
105
-110
-25
-40
-64
-56
-42
34
-87
11
-43
49
115
20
-28
-42
-2
-75
-1
-123
-8
-65
-65
-4
-65
-121
-64
65
125
-113
-63
0
-128
26
-96
74
-43
42
76
84
106
-110
60
123
-29
50
95
40
-28
127
117
-3
71
-4
-98
-113
7
-121
-109
94
-67
-128
-1
-1
-113
-128
96
-128
-128
-128
97
-125
-128
-122
-127
-128
-128
-65
-128
-128
-101
-121
-128
78
-112
65
-72
68
-101
-79
8
-5
121
-32
16
-82
-113
-128
103
-72
125
-127
0
-81
-128
-16
-96
-1
124
-128
127
-128
-123
-67
-18
-36
123
-88
11
-50
-128
-1
-120
-128
120
127
99
-125
-46
72
58
100
100
121
18
91
-24
118
77
-80
-40
-92
94
-33
96
-2
-128
64
126
-128
63
-125
116
-114
-1
-72
24
-121
-91
-128
-55
-86
41
-27
114
61
97
96
-94
-96
-28
-13
-95
-61
-80
-75
-72
-66
103
-64
126
64
127
-97
-22
-114
-19
86
-6
0
-86
124
112
-65
-67
127
-128
64
112
-116
-113
-1
-113
-89
-90
-125
-2
127
101
-71
-38
-99
-12
-46
-9
-40
105
84
78
-5
-26
120
-45
34
-24
-65
-97
125
112
49
124
127
-33
67
92
114
-66
-68
-89
-128
-43
-79
-57
-41
-11
88
118
-108
-16
110
31
-128
24
-16
-128
-113
119
59
-112
117
-127
-64
26
-43
8
-49
5
-96
22
-35
21
96
-1
-98
-81
-125
-55
-115
-109
-65
120
-122
-72
-127
-119
-1
-97
-65
29
-43
24
-92
59
74
-57
11
93
119
92
111
86
77
-42
-127
-8
-4
-18
-49
-87
127
-128
-68
124
125
109
127
-124
70
37
-15
-113
-128
-109
-124
-128
-16
-121
-128
-60
-125
125
-128
-10
-61
126
-1
44
-47
41
-20
-27
98
6
2
117
-117
-37
-118
25
26
88
-88
-58
-128
-128
127
-123
-1
-1
-1
124
-94
-126
115
-122
-65
88
-127
-128
-3
-38
-45
-98
125
-63
-69
70
-116
99
-16
-128
115
-114
64
-104
-84
20
-75
101
63
-83
-123
-22
11
20
-80
-26
-85
-39
35
-61
-128
2
-1
-15
-116
-89
-64
-80
123
-109
-101
1
0
96
-127
82
-85
-41
85
-45
-111
-117
68
-14
-116
2
3
-108
-80
99
65
-4
-114
-123
127
-71
-99
-63
-128
-9
-33
90
19
-40
-17
110
47
-65
-20
-16
-128
127
-121
-111
-65
-124
-127
-128
-1
-65
-116
-64
-128
-42
40
56
16
48
-17
38
32
-101
43
122
-106
-112
-57
95
85
-79
54
-128
67
94
-128
124
-74
-100
-128
-2
124
-128
70
-1
-124
-38
-95
-128
116
-115
-39
-42
55
-97
-127
64
-97
-16
-128
-113
-128
-95
-64
43
76
6
20
93
-68
-13
120
21
-96
57
124
99
118
-65
-72
127
-128
-128
78
-128
127
-128
-128
-128
-128
-1
-8
-65
-113
99
-43
108
-44
31
78
-72
41
-45
-7
72
41
-5
-74
-8
-120
-80
-33
-128
-1
-128
-7
-120
-65
-27
58
-1
-40
101
35
122
-40
-65
64
94
-104
30
64
33
-121
-127
-40
-117
64
113
-50
-121
17
25
38
-94
-5
123
-77
-23
18
116
37
43
-19
109
27
45
37
-9
-127
-16
-113
-34
-128
-108
-128
-121
-127
-5
-37
-127
-109
-61
-115
-2
57
36
21
-87
17
35
80
11
89
-128
70
69
-101
0
-23
-45
82
-39
-60
54
23
-14
34
-54
-37
42
8
29
50
39
-81
-55
122
103
15
-110
-13
40
81
124
-34
69
-80
-81
-105
101
63
-43
-43
37
45
20
86
21
43
42
57
36
42
95
-43
-38
18
-9
123
-113
-97
-76
-33
65
-125
53
21
-71
42
87
41
84
41
-48
125
-71
-106
57
106
-86
-31
-74
-43
63
20
22
-70
-32
-79
42
6
26
-22
-22
46
35
41
69
45
44
85
-41
21
41
42
-21
-121
-50
-126
-120
-57
-116
-72
-128
-125
-27
-52
-120
-70
70
104
41
37
49
75
42
42
58
85
-128
-127
-97
-128
-98
