1
1
1
1
1
1
1
1
1
1
1
1
1
1
1
1
1
1
1
1
1
1
1
1
1
1
1
1
1
1
1
1
1
1
1
1
1
1
1
1
1
1
1
1
0
1
1
1
2
1
1
1
1
1
1
1
1
1
1
1
1
1
1
1
1
1
1
0
1
1
1
1
1
1
1
1
1
1
1
1
1
1
1
1
1
1
1
1
1
1
1
1
1
1
1
1
1
1
1
1
1
1
1
1
1
1
1
1
1
1
1
1
1
1
1
1
1
1
1
1
1
1
1
0
1
1
1
1
1
1
1
1
1
1
1
1
1
1
1
1
1
1
1
1
1
1
1
1
1
1
1
1
1
1
1
1
1
1
1
1
1
1
1
1
1
1
1
1
1
1
1
1
1
1
1
1
1
1
1
1
1
1
1
1
1
1
1
1
1
1
1
1
1
1
1
1
1
1
1
1
1
1
1
1
1
1
1
2
1
1
1
1
1
1
1
1
0
1
1
1
1
1
1
1
1
1
1
1
1
1
1
1
2
1
1
1
1
1
1
1
1
1
1
1
1
1
1
1
1
1
1
1
1
1
1
1
1
1
1
1
0
1
1
1
1
1
1
1
1
1
1
1
1
1
1
1
0
1
1
1
1
1
1
1
1
1
1
1
1
1
1
1
1
1
1
1
1
1
1
1
1
1
1
1
1
1
1
1
1
1
1
1
1
1
1
1
1
1
1
1
1
1
1
0
1
1
1
1
1
1
1
1
1
1
1
1
1
1
1
1
1
1
1
1
1
1
1
1
1
1
1
1
1
1
1
1
1
1
1
1
1
1
1
2
1
1
1
1
1
1
1
1
1
1
0
1
1
2
1
1
1
1
1
1
1
1
1
1
1
1
0
1
1
1
1
1
1
0
1
1
1
1
1
1
1
1
1
0
1
1
1
1
0
1
1
1
1
1
1
1
1
0
1
1
1
1
1
1
1
1
1
1
0
1
1
1
1
1
1
1
1
0
1
1
1
1
1
1
1
1
1
1
1
1
1
1
1
1
1
1
1
1
1
1
1
1
1
1
1
2
1
1
1
1
1
1
1
1
0
1
1
1
1
1
1
1
1
1
1
1
1
1
1
1
1
1
1
1
1
1
1
1
1
1
1
1
1
0
1
1
1
1
1
1
0
1
0
1
1
1
1
1
1
1
1
1
1
1
1
1
1
1
1
1
1
1
1
1
1
1
1
1
1
1
-128
-128
-128
-128
-128
-128
-128
-128
-82
-128
-116
-128
85
-128
-73
-128
-128
-128
-128
-128
-128
-128
-128
-128
112
127
-128
-128
-122
-128
-128
-128
0
1
1
1
1
0
1
1
1
1
1
1
1
1
1
1
1
1
1
1
1
1
0
0
1
1
2
1
0
1
1
1
1
1
1
1
1
1
1
0
1
0
1
1
1
1
1
1
1
1
1
1
1
1
1
1
1
1
1
1
1
1
1
1
1
1
1
1
1
1
1
1
1
1
1
1
1
1
1
1
1
1
1
1
1
1
1
1
1
1
1
1
1
1
1
1
1
1
1
1
1
1
1
1
1
1
1
1
1
1
1
1
1
1
1
1
1
1
1
1
1
1
1
1
1
1
1
1
1
1
1
1
1
1
1
1
1
1
1
1
1
1
1
1
1
1
1
1
0
1
1
1
1
1
1
1
1
1
1
1
1
1
1
1
1
1
1
1
1
1
1
1
1
1
0
1
0
1
1
1
0
1
1
1
1
0
1
1
1
1
1
0
1
1
1
1
1
1
1
1
1
1
1
1
1
1
1
1
1
1
1
1
1
1
1
1
1
1
1
1
1
1
1
1
1
1
1
1
1
1
1
1
1
1
1
1
1
1
1
0
1
1
1
1
1
1
0
1
1
1
1
1
1
1
1
1
1
0
1
1
1
1
1
1
1
1
1
1
1
0
1
1
1
1
1
1
0
1
1
1
1
1
1
1
1
1
1
1
1
1
0
1
1
1
1
1
1
1
1
1
1
1
1
1
1
1
1
1
1
1
0
1
1
1
1
0
0
1
0
1
1
1
1
1
1
1
1
1
1
1
1
1
1
1
1
1
1
1
1
1
1
0
0
1
1
1
1
1
1
1
1
1
1
1
1
1
1
1
1
1
1
1
1
1
1
1
1
1
1
1
1
1
1
1
1
1
1
0
1
1
1
1
1
1
1
1
2
1
1
1
1
1
1
1
1
1
1
1
1
1
1
1
1
1
1
1
1
1
1
1
1
1
1
1
1
1
1
1
1
1
0
2
1
1
-114
10
-54
80
55
97
92
100
99
97
99
90
93
89
89
57
88
-60
-7
-109
-93
-121
-118
-122
-124
-116
-121
-113
-115
-107
-113
6
-59
80
53
98
92
100
100
97
100
90
93
89
88
59
88
-58
-4
-109
-92
-121
-118
-122
-124
-117
-121
-113
-115
-107
-114
5
-62
78
51
97
91
99
99
97
99
91
94
90
89
62
89
-54
0
-109
-90
-120
-118
-122
-124
-117
-121
-114
-115
-109
-114
-1
-67
77
49
96
91
100
99
97
100
90
94
90
89
66
89
-52
4
-108
-89
-120
-118
-122
-124
-117
-121
-114
-115
-110
-114
-3
-69
75
46
96
90
100
99
97
100
91
94
90
89
68
89
-49
8
-107
-87
-120
-118
-122
-124
-118
-122
-114
-115
-110
-114
-7
-73
76
45
98
91
101
101
98
100
91
95
89
89
70
89
-47
11
-106
-87
-120
-117
-123
-124
-118
-122
-114
-116
-110
-114
-8
-74
74
44
96
89
100
99
97
100
91
95
90
89
73
89
-45
15
-105
-85
-120
-117
-123
-124
-118
-122
-114
-116
-112
-114
-12
-79
72
41
96
89
100
99
98
100
91
95
89
89
75
89
-42
17
-105
-84
-120
-116
-123
-124
-118
-122
-114
-116
-112
-115
-15
-81
72
39
96
88
99
99
98
100
92
96
90
89
77
90
-39
21
-104
-82
-120
-117
-122
-124
-119
-122
-114
-116
-112
-114
-19
-85
70
37
97
89
100
100
98
101
91
96
89
88
78
89
-37
23
-104
-81
-120
-116
-123
-124
-119
-122
-114
-116
-112
-114
-20
-85
70
37
96
87
99
99
98
100
92
96
90
90
80
90
-35
26
-103
-81
-120
-116
-123
-124
-119
-122
-114
-117
-113
-115
-23
-88
68
34
95
87
99
99
98
100
93
96
90
89
81
90
-34
29
-102
-79
-120
-115
-123
-124
-119
-123
-114
-117
-113
-115
-25
-90
68
32
95
86
99
99
98
101
92
96
90
90
82
89
-31
33
-101
-76
-119
-115
-123
-124
-119
-123
-114
-116
-113
-114
-30
-93
66
29
96
86
100
100
99
100
92
97
90
89
83
88
-30
34
-101
-76
-119
-116
-123
-124
-119
-123
-114
-117
-113
-115
-30
-93
66
29
94
85
99
99
98
100
93
96
90
90
84
89
-27
37
-101
-75
-119
-115
-124
-124
-119
-123
-114
-117
-113
-115
-34
-96
64
26
95
85
100
98
98
101
93
96
90
90
84
89
-25
39
-100
-73
-119
-114
-123
-123
-119
-123
-114
-117
-113
-115
-36
-97
64
25
95
84
99
98
99
100
93
96
89
90
86
89
-23
41
-98
-72
-119
-114
-124
-124
-119
-123
-115
-117
-113
-115
-39
-99
62
22
95
84
100
99
99
101
93
96
89
89
86
88
-21
43
-98
-71
-119
-114
-124
-124
-120
-123
-114
-117
-114
-116
-40
-100
61
22
93
82
99
98
99
100
93
97
90
90
87
90
-17
46
-97
-69
-118
-113
-123
-124
-120
-124
-115
-117
-113
-115
-46
-102
59
17
94
81
99
98
99
100
94
97
89
90
87
90
-15
49
-96
-67
-118
-113
-124
-124
-119
-124
-115
-118
-114
-115
-48
-104
58
15
93
81
99
98
99
100
94
97
90
90
89
90
-11
53
-95
-65
-118
-112
-123
-123
-120
-124
-114
-118
-113
-114
-53
-106
56
11
94
80
100
99
99
101
94
97
89
90
88
89
-8
55
-94
-63
-118
-111
-123
-123
-120
-124
-115
-118
-113
-115
-53
-107
54
11
92
80
99
98
99
100
93
97
90
90
89
89
-6
57
-92
-61
-117
-111
-123
-123
-120
-124
-115
-119
-113
-115
-58
-108
52
6
91
78
99
98
100
100
94
97
90
91
89
89
-2
61
-91
-57
-117
-111
-123
-123
-120
-125
-114
-119
-113
-115
-63
-110
50
3
90
77
99
98
99
100
94
97
90
90
89
89
3
64
-89
-55
-117
-109
-123
-122
-120
-125
-115
-119
-113
-115
-68
-110
48
-2
91
76
100
98
100
101
95
97
89
90
89
88
6
66
-87
-52
-116
-108
-122
-122
-120
-124
-115
-119
-114
-115
-69
-111
46
-4
90
74
99
96
99
100
94
98
90
91
89
88
11
70
-85
-48
-116
-107
-122
-122
-121
-125
-115
-119
-113
-115
-76
-112
42
-10
89
73
98
97
99
100
95
98
90
91
90
89
16
72
-83
-44
-116
-106
-122
-122
-120
-125
-115
-120
-113
-115
-79
-113
39
-14
88
71
98
96
100
99
95
98
90
91
90
89
21
75
-81
-41
-114
-105
-122
-122
-121
-125
-115
-120
-113
-115
-84
-112
36
-20
89
70
100
97
100
100
95
98
89
91
89
88
24
77
-80
-38
-114
-104
-122
-121
-121
-125
-115
-120
-113
-115
-86
-113
34
-22
87
69
98
96
100
99
95
98
90
92
90
89
30
80
-76
-33
-114
-102
-122
-121
-121
-125
-115
-120
-114
-115
-90
-114
30
-28
86
66
98
95
99
99
96
99
90
92
90
90
35
82
-74
-29
-114
-101
-122
-121
-121
-125
-115
-121
-114
-116
-94
-114
26
-33
86
63
98
94
100
99
96
99
90
92
89
89
40
84
-71
-24
-113
-100
-121
-120
-121
-125
-116
-121
-113
-115
-99
-114
21
-41
84
61
99
95
100
74
88
-42
18
-105
-84
-120
-116
-123
-124
-117
-122
-114
-117
-112
-115
-14
-81
71
39
95
89
99
99
98
100
92
96
90
89
78
90
-38
23
-103
-82
-120
-116
-123
-124
-118
-122
-114
-116
-113
-114
-21
-86
69
35
95
87
100
99
98
100
92
96
90
89
80
89
-34
28
-102
-79
-119
-115
-123
-124
-119
-123
-114
-116
-113
-114
-26
-90
67
32
95
86
99
98
99
100
93
96
90
90
83
90
-31
33
-101
-77
-120
-115
-123
-124
-119
-123
-114
-117
-112
-114
-31
-94
66
28
95
86
101
100
99
100
93
96
89
89
83
89
-28
37
-101
-75
-119
-115
-123
-124
-119
-123
-115
-117
-113
-115
-33
-95
64
26
95
85
99
98
99
100
93
97
90
89
86
89
-23
41
-99
-71
-119
-113
-123
-124
-120
-123
-114
-117
-113
-116
-40
-99
62
22
94
83
100
99
99
100
93
97
90
90
87
89
-19
45
-97
-69
-119
-114
-124
-124
-120
-123
-115
-117
-114
-115
-44
-102
60
19
94
82
99
98
99
100
93
96
90
90
88
89
-15
50
-96
-67
-119
-112
-123
-123
-120
-124
-115
-117
-113
-115
-50
-105
58
14
93
82
100
99
99
101
93
98
89
90
88
89
-11
53
-95
-64
-118
-112
-123
-123
-120
-124
-115
-118
-113
-116
-52
-106
56
12
92
80
99
98
99
100
94
97
90
90
89
89
-6
57
-93
-62
-118
-111
-123
-123
-120
-124
-115
-119
-113
-115
-58
-108
53
6
92
78
99
98
99
100
94
98
90
90
89
89
-2
60
-91
-58
-117
-110
-123
-122
-120
-124
-115
-119
-113
-115
-62
-110
51
3
91
77
99
98
99
100
95
98
90
91
89
89
2
65
-89
-54
-117
-109
-123
-123
-121
-124
-114
-119
-113
-115
-68
-111
48
-2
92
76
100
98
100
100
94
98
87
88
88
87
6
66
-87
-52
-116
-108
-123
-122
-121
-125
-116
-120
-114
-116
-70
-112
46
-4
90
76
99
98
-128
-128
-99
-128
32
-128
-128
-128
-128
-128
-128
-128
-114
-128
24
-128
-128
-128
-128
-128
-128
-128
-127
-128
-128
127
103
-128
-128
-128
-128
-128
-122
-125
-116
-121
-114
-116
-99
-115
21
-42
84
60
98
94
100
99
96
99
90
93
90
90
45
87
-68
-20
-112
-98
-122
-121
-122
-125
-116
-121
-114
-116
-98
-114
21
-41
84
61
98
95
100
100
96
99
90
93
90
89
44
86
-69
-21
-113
-99
-122
-121
-122
-125
-116
-121
-114
-116
-98
-114
22
-39
84
61
98
95
100
100
96
99
90
93
90
90
43
86
-69
-22
-113
-99
-122
-121
-122
-125
-117
-121
-114
-116
-99
-114
21
-41
85
62
99
95
101
101
97
99
90
93
90
89
41
85
-70
-24
-113
-100
-122
-121
-122
-125
-116
-121
-115
-116
-97
-115
23
-37
85
62
99
94
100
99
97
99
90
93
90
90
42
85
-70
-23
-113
-100
-121
-121
-122
-125
-116
-121
-114
-116
-98
-115
24
-38
85
63
99
95
101
100
97
100
90
94
90
89
39
85
-71
-25
-113
-101
-122
-121
-122
-126
-116
-122
-115
-116
-96
-115
25
-35
86
63
99
95
101
100
96
100
90
93
90
90
39
84
-72
-24
-113
-101
-122
-122
-122
-126
-116
-121
-114
-116
-97
-114
25
-37
86
63
100
96
101
101
97
99
90
92
90
89
38
83
-72
-26
-113
-101
-122
-121
-122
-125
-116
-122
-114
-116
-96
-115
26
-35
85
63
98
94
100
99
96
99
91
93
90
90
39
84
-72
-25
-114
-101
-122
-121
-122
-126
-116
-121
-114
-116
-95
-115
26
-35
85
64
99
95
101
100
96
99
90
93
90
90
37
83
-72
-27
-114
-101
-121
-121
-122
-126
-116
-122
-114
-116
-94
-114
27
-32
86
64
98
95
100
100
97
99
90
93
90
90
36
83
-73
-28
-114
-101
-122
-122
-122
-125
-116
-121
-114
-116
-95
-114
26
-34
87
65
100
97
101
101
97
100
89
92
90
89
35
83
-74
-29
-114
-101
-122
-122
-121
-126
-116
-121
-115
-116
-94
-115
27
-31
86
65
99
96
100
100
96
99
90
93
90
90
37
83
-73
-28
-113
-101
-122
-122
-122
-125
-116
-121
-114
-116
-94
-114
28
-32
86
65
99
96
100
100
96
99
90
92
90
89
36
83
-74
-28
-114
-102
-123
-121
-122
-126
-116
-121
-114
-116
-94
-115
27
-32
86
64
98
95
101
100
96
99
90
92
90
89
37
83
-73
-28
-113
-101
-122
-121
-122
-126
-116
-121
-114
-116
-96
-114
26
-35
86
65
99
96
101
100
96
99
90
92
89
89
37
83
-73
-27
-114
-102
-122
-121
-122
-126
-116
-121
-115
-116
-94
-115
26
-32
85
64
98
94
100
99
96
99
90
94
90
90
39
84
-72
-26
-114
-101
-123
-121
-122
-125
-116
-121
-114
-116
-96
-115
25
-36
85
63
98
95
100
100
97
99
90
93
90
90
39
84
-72
-25
-114
-101
-122
-121
-122
-126
-116
-122
-115
-116
-96
-115
25
-36
85
63
99
95
100
99
96
99
90
93
90
89
40
85
-71
-25
-113
-100
-122
-121
-121
-125
-116
-121
-114
-116
-98
-114
23
-39
85
62
100
96
90
89
51
88
-64
-14
-111
-96
-122
-120
-122
-125
-117
-122
-114
-116
-104
-114
12
-52
82
57
98
94
100
100
96
99
88
92
88
88
52
86
-64
-12
-112
-95
-121
-120
-122
-125
-117
-122
-115
-115
-105
-115
12
-53
80
55
95
90
98
97
95
98
89
93
88
87
55
87
-60
-8
-110
-93
-121
-120
-122
-125
-117
-122
-114
-115
-106
-114
7
-57
78
52
95
90
99
98
95
98
89
93
88
88
57
87
-60
-7
-109
-93
-121
-118
-122
-124
-117
-122
-114
-115
-106
-114
8
-58
78
52
96
91
99
98
96
98
89
93
89
88
58
87
-59
-5
-109
-92
-120
-118
-122
-124
-116
-121
-114
-115
-106
-113
4
-62
78
51
97
91
99
100
96
99
89
93
88
87
60
88
-57
-4
-109
-91
-120
-119
-122
-124
-117
-121
-114
-115
-107
-114
4
-62
78
50
95
90
99
98
96
98
90
93
89
89
62
88
-55
0
-108
-90
-121
-118
-121
-124
-117
-122
-114
-115
-108
-113
1
-65
76
50
96
91
99
99
96
99
90
93
88
88
63
88
-54
0
-108
-90
-120
-118
-122
-124
-117
-122
-114
-116
-108
-113
1
-65
76
49
96
90
99
98
97
99
90
93
89
88
64
89
-53
2
-107
-89
-120
-117
-122
-124
-117
-121
-113
-114
-109
-113
-2
-68
77
48
97
92
100
100
97
100
90
94
88
87
65
88
-52
4
-107
-89
-120
-118
-122
-124
-117
-121
-114
-115
-109
-113
-3
-69
76
46
96
90
99
99
97
100
91
94
89
89
67
88
-50
6
-107
-88
-120
-117
-121
-124
-117
-122
-114
-115
-110
-114
-4
-70
75
46
96
90
99
98
96
99
90
94
89
89
67
89
-50
6
-107
-88
-120
-117
-122
-124
-118
-122
-114
-116
-110
-114
-4
-70
76
46
96
90
99
98
97
99
90
94
89
89
68
89
-50
8
-107
-87
-120
-117
-122
-124
-117
-122
-113
-115
-110
-113
-5
-72
76
45
98
91
100
100
97
100
90
94
89
88
67
88
-49
7
-107
-88
-120
-118
-122
-124
-117
-121
-114
-115
-110
-114
-5
-71
75
45
96
90
99
99
97
99
90
95
89
89
69
89
-49
9
-106
-87
-120
-117
-122
-124
-118
-122
-115
-116
-110
-114
-5
-72
75
45
96
90
99
99
97
100
90
94
89
89
68
89
-49
8
-107
-87
-120
-118
-123
-124
-117
-121
-114
-115
-110
-114
-5
-71
75
45
97
90
100
99
97
100
91
95
90
89
69
90
-49
8
-107
-87
-120
-118
-122
-124
-118
-122
-114
-115
-111
-114
-6
-74
76
44
97
91
100
100
97
100
90
95
89
89
69
88
-49
9
-107
-87
-120
-117
-122
-124
-117
-122
-115
-116
-110
-114
-5
-72
75
45
96
90
99
99
97
100
91
94
89
89
69
89
-49
9
-106
-87
-120
-117
-122
-124
-117
-122
-114
-116
-110
-114
-5
-71
75
46
96
90
100
99
97
100
91
95
90
89
69
89
-49
8
-107
-87
-120
-118
-123
-124
-118
-122
-115
-116
-110
-114
-5
-72
75
45
96
90
100
99
97
99
91
95
89
88
68
89
-49
7
-107
-88
-120
-118
-123
-124
-118
-122
-114
-115
-110
-114
-6
-73
75
45
97
91
100
100
97
100
90
95
89
88
68
88
-50
7
-107
-88
-121
-117
-122
-125
-118
-121
-114
-116
-110
-115
-4
-71
75
46
95
90
99
99
97
100
91
94
90
89
68
89
-49
8
-107
-87
-120
-118
-122
-124
-118
-123
-114
-115
-110
-114
-4
-71
75
45
96
90
99
99
97
99
90
94
89
89
67
89
-51
6
-108
-88
-120
-118
-123
-124
-118
-122
-114
-116
-110
-114
-3
-69
76
47
96
91
99
99
97
99
91
94
90
89
67
89
-51
5
-108
-88
-121
-118
-122
-124
-117
-122
-114
-115
-110
-114
-3
-71
76
46
98
92
101
100
97
100
91
94
88
88
66
89
-52
4
-107
-89
-121
-117
-122
-124
-118
-122
-115
-115
-109
-115
-2
-68
76
47
96
90
99
99
98
99
91
94
89
89
66
89
-51
5
-107
-89
-121
-118
-123
-124
-118
-122
-114
-115
-110
-114
-2
-68
77
48
97
91
99
99
97
100
91
95
90
89
65
88
-52
3
-108
-90
-120
-118
-122
-124
-117
-122
-114
-116
-109
-114
-1
-68
76
48
96
91
100
99
97
99
91
94
89
89
65
89
-52
4
-108
-89
-121
-118
-122
-124
-117
-122
-114
-115
-110
-113
-2
-69
76
47
97
91
100
100
97
100
90
94
89
88
65
88
-53
3
-107
-89
-121
-118
-122
-124
-117
-121
-115
-115
-110
-114
-2
-68
76
48
96
91
99
99
96
98
91
94
89
89
66
89
-52
5
-107
-89
-121
-118
-122
-125
-117
-122
-114
-116
-110
-114
-2
-68
75
47
97
91
99
99
97
100
90
94
89
88
65
89
-52
3
-107
-89
-121
-118
-122
-124
-117
-122
-114
-115
-109
-114
-1
-66
77
48
96
90
100
99
96
99
91
94
90
89
66
89
-52
4
-108
-89
-121
-118
-122
-124
-117
-122
-114
-115
-110
-114
-3
-70
77
47
97
91
100
100
97
100
90
94
89
88
65
88
-52
4
-108
-89
-120
-118
90
93
-114
-116
-110
-114
-6
-71
74
45
96
89
99
99
97
99
91
95
90
89
69
89
-49
8
-106
-87
-120
-117
-122
-124
-118
-122
-114
-115
-110
-114
-7
-74
75
44
97
91
100
100
97
100
90
94
88
88
69
88
-48
9
-106
-87
-120
-117
-122
-124
-117
-122
-114
-116
-111
-114
-7
-73
74
44
96
90
99
99
97
100
91
94
89
89
70
89
-47
11
-106
-86
-121
-117
-122
-124
-118
-122
-114
-116
-111
-114
-7
-74
74
44
96
90
99
99
97
99
91
94
89
89
70
89
-48
10
-106
-87
-120
-117
-122
-124
-118
-121
-114
-115
-111
-114
-7
-73
74
44
96
90
100
99
97
100
91
95
89
89
70
89
-48
10
-106
-87
-120
-117
-122
-124
-118
-122
-114
-115
-111
-114
-7
-75
75
44
97
91
100
100
97
100
91
94
89
88
69
89
-48
10
-106
-87
-120
-117
-123
-124
-118
-122
-114
-116
-111
-114
-7
-74
74
45
96
89
99
99
97
99
91
95
89
89
70
89
-47
11
-106
-86
-120
-117
-122
-124
-118
-122
-114
-115
-110
-114
-7
-74
74
44
96
90
100
99
98
100
91
95
90
88
69
89
-48
10
-106
-87
-120
-117
-122
-124
-118
-122
-114
-116
-111
-114
-6
-73
74
44
96
90
100
99
97
99
91
95
90
89
69
90
-48
10
-106
-86
-120
-117
-122
-124
-118
-123
-113
-115
-111
-113
-7
-74
74
44
98
91
100
100
98
101
90
95
89
89
69
89
-48
9
-106
-87
-120
-117
-123
-125
-118
-123
-114
-116
-111
-114
-6
-73
74
44
96
90
99
99
97
99
91
95
90
90
70
89
-48
10
-106
-86
-120
-117
-122
-124
-117
-122
-116
-116
-109
-114
-7
-73
75
44
96
90
100
99
96
99
91
95
89
89
70
89
-48
10
-106
-87
-120
-118
-123
-124
-118
-122
-115
-115
-111
-114
-6
-72
75
45
96
90
99
99
97
99
91
95
89
89
70
89
-48
10
-107
-87
-121
-118
-122
-124
-118
-123
-114
-116
-111
-114
-8
-75
74
45
97
91
100
100
98
100
91
94
90
88
68
89
-49
9
-107
-87
-121
-118
-123
-124
-118
-122
-114
-116
-110
-114
-5
-72
75
45
96
90
99
99
98
100
91
95
90
88
69
89
-49
9
-107
-87
-121
-117
-122
-124
-118
-122
-115
-117
-110
-114
-6
-71
75
45
97
90
100
99
98
100
91
95
89
89
67
89
-50
7
-107
-88
-121
-118
-122
-124
-117
-122
-114
-115
-110
-114
-5
-70
72
44
89
84
94
93
95
95
93
96
94
93
68
94
-51
5
-107
-88
-120
-117
-122
-123
-117
-121
-113
-115
-110
-113
-1
-69
77
48
97
92
100
99
98
100
90
94
89
88
66
88
-51
5
-107
-89
-120
-117
-122
-124
-117
-121
-114
-115
-110
-114
-2
-69
76
47
95
91
98
98
95
97
90
92
89
87
66
89
-52
4
-107
-89
-120
-117
-121
-124
-117
-121
-115
-115
-108
-115
-1
-66
77
48
95
91
98
98
95
98
91
94
89
88
66
89
-53
3
-108
-90
-120
-118
-122
-124
-117
-121
-114
-115
-109
-114
-1
-67
76
48
95
91
98
97
97
98
90
95
89
88
65
89
-52
4
-108
-89
-120
-117
-121
-124
-117
-121
-114
-115
-109
-113
-1
-68
76
48
97
91
100
99
97
100
90
94
89
88
64
88
-53
1
-107
-89
-121
-118
-122
-125
-117
-121
-114
-116
-108
-114
0
-65
77
49
96
91
99
99
97
99
90
94
89
88
64
88
-53
2
-108
-90
-120
-118
-122
-124
-117
-121
-114
-115
-108
-114
1
-65
77
50
97
92
100
99
97
100
90
94
90
88
63
89
-54
0
-108
-90
-121
-118
-122
-125
-117
-122
-114
-116
-108
-113
2
-64
78
50
97
92
100
100
97
100
90
94
90
89
63
89
-54
1
-108
-90
-121
-118
-122
-124
-117
-121
-114
-115
-109
-113
0
-67
78
49
99
93
102
101
98
101
91
95
89
89
62
88
-55
-1
-108
-90
-121
-118
-122
-124
-118
-122
-115
-116
-107
-115
4
-61
79
52
96
92
100
99
97
99
91
95
90
89
62
89
-56
-2
-108
-91
-121
-119
-122
-124
-117
-122
-113
-114
-109
-115
3
-62
78
50
97
91
101
99
97
100
90
94
88
89
61
87
-56
-2
-108
-91
-121
-119
-122
-125
-118
-122
-114
-116
-108
-114
3
-62
77
50
96
90
99
98
98
100
91
95
90
90
60
88
-56
-3
-109
-91
-121
-119
-122
-124
-117
-122
-114
-116
-108
-113
4
-62
78
51
98
92
100
100
97
100
90
94
89
88
59
88
-57
-4
-109
-92
-121
-119
-122
-125
-117
-122
-114
-115
-107
-114
6
-60
79
52
96
91
99
98
96
99
90
94
90
89
60
89
-57
-3
-108
-91
-121
-118
-122
-125
-117
-121
-114
-115
-107
-114
5
-61
78
52
97
92
99
99
96
99
90
93
89
89
59
88
-58
-3
-109
-91
-120
-118
-122
-124
-117
-121
-114
-116
-107
-114
6
-60
79
52
97
91
99
99
97
99
90
94
89
89
60
88
-57
-4
-109
-92
-121
-118
-122
-124
-117
-121
-114
-115
-107
-114
4
-61
80
52
63
86
-54
1
-108
-89
-120
-117
-121
-123
-116
-120
-114
-114
-108
-113
3
-63
77
49
95
90
98
98
96
98
90
94
88
88
63
89
-53
1
-107
-89
-119
-117
-121
-123
-116
-120
-113
-114
-107
-112
2
-65
77
49
96
90
99
99
97
99
90
94
89
89
63
88
-53
2
-107
-89
-119
-118
-121
-123
-117
-121
-113
-115
-108
-113
2
-64
77
50
96
91
99
99
97
99
90
94
89
89
64
89
-54
0
-108
-90
-120
-118
-121
-124
-117
-122
-114
-114
-108
-113
1
-65
78
50
98
92
100
100
97
100
91
95
89
89
62
89
-54
0
-108
-90
-120
-118
-122
-124
-117
-121
-114
-115
-108
-113
3
-63
77
50
97
91
100
99
97
100
91
95
90
89
63
90
-54
0
-108
-90
-120
-118
-122
-124
-117
-122
-114
-115
-108
-114
3
-64
79
50
98
92
101
100
97
100
91
95
90
90
62
89
-55
-1
-109
-91
-120
-119
-122
-124
-117
-122
-114
-116
-108
-114
4
-63
79
52
98
92
101
99
98
100
92
95
90
90
62
90
-55
-1
-109
-91
-121
-118
-122
-125
-117
-122
-114
-115
-108
-114
3
-63
80
52
99
94
102
101
98
101
91
95
90
90
62
89
-55
-1
-109
-91
-121
-119
-122
-125
-117
-122
-115
-116
-108
-114
4
-62
80
52
98
92
101
100
98
101
92
96
90
91
62
90
-56
-2
-109
-92
-121
-119
-122
-125
-118
-122
-115
-116
-108
-115
4
-62
79
52
98
93
101
100
99
101
91
96
91
90
61
90
-57
-2
-110
-92
-122
-120
-123
-125
-118
-122
-115
-116
-108
-115
6
-61
80
53
99
93
101
100
98
100
92
95
91
91
61
90
-58
-3
-110
-92
-121
-120
-123
-125
-118
-122
-114
-116
-108
-114
5
-62
80
52
99
94
101
101
98
101
91
95
90
90
60
90
-58
-4
-110
-93
-122
-120
-123
-126
-118
-123
-115
-117
-108
-115
6
-60
80
54
98
93
101
100
98
100
92
96
91
91
61
90
-58
-3
-110
-92
-122
-120
-123
-126
-118
-122
-115
-116
-108
-114
5
-61
80
53
98
93
101
100
98
100
91
95
91
90
61
89
-57
-3
-110
-92
-122
-119
-123
-126
-118
-122
-115
-117
-109
-115
5
-61
79
53
97
93
101
100
98
100
92
95
91
90
61
90
-56
-2
-110
-92
-122
-120
-123
-126
-118
-123
-115
-116
-109
-115
3
-64
80
52
99
94
101
101
99
101
91
95
90
89
62
89
-56
-2
-110
-92
-122
-119
-123
-126
-118
-123
-116
-117
-109
-115
3
-63
79
51
97
92
101
100
98
100
92
96
90
90
63
90
-55
0
-109
-91
-122
-120
-124
-126
-118
-122
-115
-117
-110
-115
1
-66
78
50
98
92
100
100
98
100
91
95
90
90
64
89
-54
1
-109
-91
-122
-119
-124
-126
-118
-122
-115
-116
-109
-115
0
-66
78
49
98
92
100
100
98
100
91
95
90
90
65
90
-53
3
-108
-90
-121
-119
-123
-125
-118
-123
-115
-117
-111
-115
-2
-69
77
48
98
92
100
101
97
100
91
95
89
89
65
89
-53
4
-109
-90
-122
-119
-123
-126
-118
-123
-115
-117
-111
-116
-2
-69
76
47
97
91
100
99
97
100
91
95
90
90
68
90
-51
7
-107
-89
-122
-119
-123
-125
-118
-123
-115
-117
-111
-115
-5
-72
75
45
97
91
100
100
98
100
91
95
90
89
69
89
-50
9
-108
-88
-121
-118
-123
-125
-118
-123
-115
-116
-111
-115
-7
-74
74
45
97
90
99
99
98
100
91
95
90
89
71
90
-47
11
-107
-87
-121
-118
-123
-125
-119
-122
-114
-116
-112
-114
-10
-77
74
42
97
90
100
100
98
100
91
95
89
89
72
89
-46
13
-106
-86
-121
-118
-123
-125
-118
-122
-115
-116
-112
-115
-10
-77
73
42
96
90
100
99
98
100
91
95
89
89
73
89
-44
16
-106
-85
-121
-117
-123
-124
-118
-123
-114
-116
-112
-114
-13
-79
72
41
96
89
99
99
98
100
91
96
90
89
74
89
-43
16
-105
-84
-120
-117
-123
-124
-119
-122
-115
-117
-112
-114
-14
-80
72
40
95
88
99
99
97
100
91
95
90
89
75
89
-42
19
-105
-83
-120
-117
-123
-124
-118
-123
-114
-116
-112
-114
-17
-83
71
38
97
89
100
99
97
100
91
95
89
88
76
88
-40
21
-105
-82
-120
-117
-123
-124
-119
-122
-114
-116
-113
-115
-17
-83
70
38
95
88
99
98
97
100
91
95
89
89
77
89
-38
23
-104
-82
-120
-116
-123
-124
-119
-122
-114
-116
-112
-114
-20
-85
69
36
95
88
99
99
97
100
91
95
89
89
78
88
-36
25
-103
-80
-120
-116
-123
-124
-119
-122
-114
-116
-113
-114
-21
-87
69
34
95
87
99
98
98
100
92
96
89
88
80
89
-35
27
-102
-79
-120
-117
-123
-124
-119
-123
-114
-116
-112
-114
-25
-89
68
32
96
87
100
99
98
101
91
96
89
88
80
89
-34
28
-103
-79
-119
-115
-123
-124
-119
-123
-114
-117
-113
-115
-24
-89
68
32
95
87
99
99
98
100
92
96
89
88
82
89
-32
31
-101
-78
-119
-115
-123
-124
-114
-35
-96
63
24
94
85
100
99
99
101
93
97
88
89
82
87
-28
36
-100
-74
-119
-114
-123
-124
-119
-122
-114
-117
-113
-114
-33
-95
64
27
94
84
98
98
98
99
91
95
88
88
82
88
-27
37
-100
-74
-119
-114
-123
-123
-119
-123
-114
-116
-113
-115
-33
-95
63
26
94
84
98
98
97
99
92
95
89
88
83
88
-26
36
-100
-74
-119
-114
-123
-123
-118
-123
-114
-116
-113
-115
-33
-95
64
27
93
84
99
97
97
99
92
95
89
88
83
88
-27
36
-100
-74
-118
-114
-122
-122
-118
-122
-113
-116
-112
-114
-33
-95
64
26
95
85
99
99
98
100
92
95
89
89
83
88
-27
35
-100
-75
-119
-114
-123
-123
-119
-122
-114
-116
-113
-114
-31
-93
64
28
94
84
99
98
97
99
92
96
89
89
83
89
-28
35
-100
-75
-119
-114
-123
-124
-118
-123
-114
-116
-112
-114
-31
-93
65
28
95
86
99
98
98
100
92
96
90
89
83
88
-29
35
-100
-75
-119
-115
-123
-123
-119
-123
-114
-117
-113
-114
-30
-93
65
28
95
85
99
99
98
100
92
96
89
89
83
88
-29
34
-100
-76
-118
-114
-123
-123
-119
-122
-114
-117
-112
-114
-31
-93
65
28
95
87
100
99
99
100
92
96
89
89
82
88
-29
33
-100
-76
-119
-115
-123
-123
-119
-123
-114
-116
-113
-114
-29
-93
65
29
95
85
99
98
98
100
92
96
90
89
83
89
-29
34
-100
-76
-119
-115
-123
-123
-119
-123
-114
-117
-113
-114
-30
-92
65
29
94
85
99
98
98
100
92
97
90
89
83
89
-30
33
-101
-76
-119
-115
-124
-123
-119
-123
-114
-116
-112
-115
-28
-92
66
30
95
85
100
99
98
100
92
96
90
90
83
89
-30
33
-101
-76
-119
-115
-123
-124
-119
-123
-114
-117
-113
-114
-30
-93
66
29
96
87
101
100
98
101
92
96
89
89
81
89
-30
33
-101
-77
-119
-115
-124
-124
-119
-123
-114
-117
-112
-115
-28
-91
66
30
95
86
99
98
99
100
92
96
90
89
83
90
-31
33
-101
-77
-119
-115
-122
-124
-119
-123
-114
-117
-113
-115
-29
-92
66
30
95
86
100
99
98
100
93
96
90
89
82
89
-30
33
-102
-78
-119
-115
-123
-124
-119
-123
-114
-117
-113
-115
-28
-92
66
30
95
86
99
99
98
100
92
96
90
90
82
89
-30
33
-101
-77
-120
-115
-123
-124
-119
-122
-114
-117
-113
-115
-29
-93
66
30
96
86
101
100
98
101
92
96
89
89
81
89
-31
32
-101
-77
-119
-115
-123
-124
-119
-123
-115
-117
-113
-115
-27
-91
67
32
95
86
100
98
98
100
92
95
89
90
82
89
-31
32
-101
-77
-119
-115
-123
-123
-119
-123
-114
-117
-113
-115
-29
-92
65
29
95
86
100
99
98
100
92
96
89
89
83
89
-30
34
-101
-76
-119
-115
-122
-124
-119
-122
-115
-117
-113
-114
-29
-93
66
29
94
86
99
98
98
100
92
96
90
89
83
89
-29
34
-100
-76
-119
-115
-123
-124
-118
-122
-115
-116
-113
-115
-33
-94
65
27
95
86
100
100
98
101
92
96
89
88
82
88
-29
35
-101
-76
-120
-115
-123
-123
-119
-123
-115
-117
-113
-114
-31
-94
65
28
94
85
99
99
97
100
92
96
89
89
84
89
-27
37
-100
-74
-120
-114
-123
-124
-119
-123
-114
-117
-113
-115
-33
-95
64
26
95
85
99
99
99
100
92
96
89
90
84
88
-25
38
-99
-73
-119
-114
-123
-123
-119
-123
-114
-117
-113
-115
-35
-96
63
25
94
84
99
99
99
100
93
96
90
89
85
89
-24
40
-98
-72
-119
-113
-123
-124
-120
-123
-114
-118
-113
-115
-39
-99
62
23
94
84
99
99
99
101
92
97
89
89
85
88
-22
41
-98
-72
-119
-114
-123
-123
-119
-123
-115
-117
-113
-115
-38
-98
62
22
93
83
98
99
99
100
93
96
89
90
86
89
-20
43
-98
-70
-118
-113
-123
-123
-119
-123
-114
-117
-113
-116
-41
-100
60
19
94
82
99
99
99
100
93
96
90
90
86
88
-18
45
-97
-69
-118
-113
-124
-123
-120
-123
-114
-117
-113
-115
-44
-102
60
18
93
81
98
97
98
100
93
96
89
89
86
89
-17
47
-96
-68
-118
-113
-123
-123
-120
-124
-114
-117
-113
-114
-47
-103
58
16
94
82
99
99
98
100
93
96
89
89
86
88
-15
49
-96
-67
-118
-112
-123
-123
-119
-123
-114
-118
-112
-115
-47
-103
58
16
92
81
98
97
98
99
93
97
90
89
88
89
-12
51
-95
-65
-118
-112
-123
-123
-120
-123
-114
-118
-113
-115
-51
-106
56
12
92
80
99
98
98
100
93
96
89
89
87
88
-10
54
-94
-64
-117
-112
-122
-122
-119
-123
-114
-118
-113
-115
-53
-106
55
11
92
79
99
98
99
100
94
97
90
90
89
89
-7
56
-93
-61
-118
-111
-123
-122
-120
-123
-114
-118
-112
-114
-56
-107
54
7
93
79
100
99
99
101
93
97
89
89
88
88
-7
56
-92
-61
-117
-111
-123
-123
-120
-123
-114
-119
-113
-115
-56
-108
53
8
92
78
99
97
98
12
70
-85
-48
-116
-107
-122
-121
-120
-124
-115
-119
-113
-115
-76
-112
41
-10
90
72
99
97
100
99
95
97
89
91
90
88
14
72
-84
-46
-115
-107
-122
-121
-120
-124
-114
-119
-113
-116
-77
-112
41
-11
88
72
98
96
100
100
95
98
90
92
89
89
16
74
-83
-44
-115
-106
-122
-121
-120
-124
-114
-119
-113
-114
-80
-113
40
-15
90
72
100
97
100
100
95
98
88
92
89
88
17
74
-83
-44
-115
-105
-122
-122
-120
-124
-114
-120
-113
-115
-79
-113
39
-14
88
72
99
96
99
99
95
97
90
92
90
89
19
75
-82
-41
-116
-105
-122
-122
-121
-125
-115
-119
-113
-115
-82
-113
38
-17
88
71
98
96
100
100
95
98
89
91
90
89
21
76
-81
-40
-115
-104
-122
-122
-121
-125
-115
-120
-114
-115
-83
-114
37
-18
88
70
98
96
100
99
95
98
90
92
90
89
24
77
-79
-38
-114
-104
-122
-121
-121
-124
-115
-120
-113
-115
-86
-113
35
-21
88
69
100
97
100
101
95
99
90
91
90
89
24
77
-79
-38
-115
-104
-122
-121
-121
-124
-115
-120
-113
-115
-85
-113
35
-20
88
70
99
96
99
99
95
98
90
91
89
89
26
78
-79
-37
-115
-104
-122
-121
-121
-124
-115
-120
-114
-115
-86
-113
34
-22
88
68
98
96
100
100
95
98
90
92
90
89
26
78
-78
-36
-114
-103
-122
-121
-121
-125
-115
-120
-114
-115
-87
-114
34
-23
87
68
98
95
100
99
95
99
90
92
90
90
27
79
-78
-35
-114
-103
-122
-121
-121
-125
-115
-121
-113
-115
-88
-113
32
-25
88
68
100
97
100
100
95
98
89
91
90
89
28
79
-77
-34
-114
-103
-122
-121
-121
-124
-115
-120
-114
-116
-89
-113
33
-25
86
68
98
95
100
100
96
98
89
92
90
89
30
80
-76
-33
-114
-102
-122
-122
-121
-125
-115
-120
-113
-115
-89
-114
30
-27
87
67
98
95
100
100
96
98
90
92
90
89
31
80
-76
-32
-113
-102
-122
-121
-121
-125
-116
-120
-113
-115
-90
-114
30
-27
86
67
98
95
100
100
96
98
90
92
90
90
32
81
-75
-31
-113
-102
-122
-121
-121
-125
-115
-120
-114
-116
-92
-113
28
-31
87
65
99
96
101
101
96
99
90
92
89
89
33
81
-74
-30
-114
-102
-122
-121
-121
-125
-115
-120
-114
-115
-92
-114
29
-29
86
66
98
95
99
100
96
98
89
92
90
89
36
83
-73
-28
-113
-101
-122
-121
-121
-125
-115
-120
-114
-115
-94
-114
27
-32
85
64
98
95
99
100
96
98
90
92
89
90
37
83
-72
-27
-113
-101
-122
-121
-121
-125
-116
-120
-114
-115
-95
-115
26
-33
85
64
98
95
100
99
96
98
90
93
90
90
38
83
-72
-26
-113
-100
-122
-121
-122
-125
-116
-121
-114
-115
-97
-114
24
-36
85
63
99
96
100
100
96
99
90
92
89
89
39
84
-71
-25
-113
-100
-122
-121
-121
-125
-116
-121
-114
-115
-96
-114
25
-35
84
63
98
95
99
99
96
99
90
93
89
90
40
85
-70
-24
-113
-100
-122
-120
-122
-125
-116
-121
-115
-115
-98
-114
23
-38
85
62
98
94
99
99
96
99
90
93
89
89
43
85
-69
-21
-112
-99
-121
-120
-121
-125
-116
-121
-114
-115
-99
-115
22
-41
84
61
98
95
100
99
96
99
90
93
89
90
45
86
-68
-20
-112
-98
-121
-120
-122
-125
-116
-121
-114
-116
-100
-114
19
-44
84
60
99
95
100
100
96
100
90
92
89
89
45
86
-67
-19
-113
-97
-122
-120
-122
-124
-117
-121
-114
-116
-101
-115
19
-44
83
60
97
94
100
99
97
99
90
94
90
89
48
86
-66
-16
-112
-97
-122
-120
-122
-125
-116
-121
-114
-116
-102
-114
16
-47
82
58
98
93
100
99
96
99
90
94
90
90
50
87
-65
-14
-112
-96
-121
-120
-122
-125
-117
-121
-114
-116
-103
-115
15
-49
81
57
97
93
100
99
97
99
90
94
89
90
53
87
-63
-12
-111
-95
-121
-119
-122
-124
-116
-122
-114
-115
-105
-113
11
-54
82
56
99
94
100
100
97
100
90
93
89
89
54
87
-62
-10
-110
-95
-121
-119
-122
-125
-117
-122
-114
-116
-105
-114
11
-53
80
55
97
93
100
99
96
99
90
94
89
89
57
89
-60
-8
-110
-93
-122
-120
-123
-125
-117
-122
-114
-115
-106
-113
8
-57
80
54
97
92
100
99
97
99
91
94
89
90
59
89
-58
-5
-110
-92
-121
-119
-122
-125
-117
-122
-114
-116
-107
-114
6
-60
79
52
97
92
99
99
97
99
91
94
89
89
62
89
-56
-2
-109
-92
-121
-119
-122
-125
-117
-121
-115
-116
-108
-114
1
-65
79
50
98
93
101
100
97
100
90
95
89
89
63
89
-54
0
-108
-91
-121
-119
-122
-125
-118
-122
-115
-116
-109
-114
2
-64
77
50
97
91
100
100
97
100
91
94
90
89
65
89
-53
3
-108
-90
-121
-118
-122
-125
-117
-123
-114
-116
-110
-114
-2
-69
76
47
97
91
100
99
98
100
91
95
89
89
68
90
-50
7
-107
-88
-121
-118
-123
-125
-113
-115
-21
-86
69
35
96
88
99
99
98
100
92
95
90
90
81
89
-34
28
-102
-79
-120
-116
-123
-124
-118
-123
-115
-117
-113
-114
-26
-90
68
32
95
87
99
98
98
101
92
96
89
89
82
89
-32
32
-101
-78
-119
-115
-123
-124
-120
-123
-114
-117
-113
-115
-28
-91
66
30
95
86
100
99
98
100
92
97
90
89
83
90
-28
35
-100
-75
-119
-115
-123
-124
-119
-122
-115
-117
-112
-115
-32
-95
65
27
96
86
100
100
98
100
92
96
90
90
84
88
-27
37
-101
-75
-120
-115
-123
-124
-119
-123
-114
-117
-114
-115
-34
-96
61
25
88
80
93
91
95
94
95
96
95
94
88
95
-25
39
-100
-73
-118
-114
-123
-122
-119
-123
-114
-117
-112
-115
-35
-96
65
26
94
84
99
99
98
99
93
97
90
89
85
89
-22
42
-98
-71
-118
-113
-123
-124
-119
-123
-115
-117
-114
-115
-40
-100
62
22
93
83
97
97
96
98
91
94
89
89
87
89
-20
44
-98
-69
-119
-112
-123
-123
-119
-123
-114
-117
-114
-115
-42
-101
59
19
94
83
100
99
99
100
92
95
89
89
86
87
-18
47
-97
-69
-118
-112
-123
-123
-119
-123
-114
-117
-113
-115
-43
-101
59
19
93
81
98
97
98
99
93
97
88
88
87
88
-16
49
-95
-68
-118
-112
-122
-123
-120
-123
-114
-117
-113
-115
-47
-103
59
16
93
81
99
98
98
100
93
97
89
90
87
88
-13
50
-95
-66
-118
-112
-123
-123
-120
-124
-114
-118
-113
-116
-49
-105
57
14
93
80
99
98
99
100
94
97
90
91
88
89
-11
53
-95
-64
-118
-112
-123
-123
-120
-123
-114
-118
-113
-114
-53
-106
57
12
94
81
100
99
99
101
94
97
89
90
88
89
-10
53
-94
-64
-118
-112
-123
-123
-120
-124
-115
-119
-114
-115
-51
-105
57
12
93
80
99
98
99
100
94
97
90
91
89
89
-9
55
-93
-62
-118
-112
-123
-123
-120
-124
-115
-117
-113
-115
-54
-108
55
10
93
80
99
98
99
101
94
97
90
91
89
89
-8
56
-92
-62
-118
-111
-123
-122
-121
-124
-115
-119
-115
-116
-54
-107
55
10
92
79
99
98
100
101
94
97
90
91
89
89
-5
58
-93
-60
-118
-111
-124
-123
-120
-124
-114
-118
-112
-114
-59
-109
52
6
93
79
99
99
100
101
93
97
89
89
88
88
-4
58
-92
-58
-117
-110
-124
-124
-121
-125
-114
-118
-112
-115
-60
-108
53
5
93
80
100
100
100
100
94
98
88
90
88
87
-2
60
-91
-58
-117
-111
-123
-122
-120
-125
-114
-119
-113
-115
-62
-110
50
3
91
77
99
97
99
100
94
97
89
90
89
88
0
62
-90
-56
-117
-110
-123
-123
-121
-124
-115
-119
-113
-115
-63
-110
49
1
91
76
99
97
99
99
95
97
89
90
89
89
3
64
-89
-54
-116
-109
-123
-123
-120
-125
-115
-118
-113
-115
-68
-111
48
-2
91
76
100
98
100
100
94
97
89
90
89
88
4
65
-88
-53
-117
-109
-123
-122
-121
-124
-115
-119
-114
-115
-66
-111
46
-2
90
75
98
97
99
100
94
97
90
90
89
88
7
67
-87
-51
-116
-108
-123
-122
-120
-124
-114
-119
-113
-116
-70
-111
45
-5
89
73
99
96
99
99
94
97
89
91
89
88
9
69
-85
-49
-116
-108
-122
-122
-120
-124
-115
-119
-113
-115
-73
-112
43
-8
88
73
97
95
99
99
95
97
89
90
88
88
13
71
-84
-46
-115
-106
-122
-121
-120
-124
-114
-120
-113
-115
-77
-112
40
-13
89
72
99
96
99
99
94
97
88
89
87
87
16
71
-83
-45
-115
-106
-122
-121
-121
-124
-114
-120
-113
-115
-79
-112
39
-14
87
70
98
95
98
99
94
97
87
89
87
87
19
73
-81
-42
-115
-105
-122
-121
-121
-124
-115
-119
-113
-115
-83
-112
35
-19
86
68
97
94
98
98
94
97
87
89
87
88
-120
-120
-117
-116
-115
-116
-114
-114
-113
-114
-107
-92
-62
-30
1
28
49
63
76
84
90
94
96
98
98
99
99
100
99
98
96
96
94
92
90
89
89
89
89
89
89
82
63
34
3
-26
-51
-72
-87
-99
-106
-114
-116
-120
-120
-123
-122
-124
-122
-123
-120
-120
-117
-116
-114
-115
-114
-114
-113
-113
-108
-94
-66
-34
-4
24
45
60
74
82
90
94
96
98
98
99
98
100
99
99
97
95
94
93
90
89
89
89
89
89
88
83
67
39
7
-22
-48
-71
-86
-98
-106
-112
-115
-119
-120
-123
-122
-124
-122
-124
-120
-120
-118
-116
-115
-116
-114
-114
-112
-113
-110
-96
-70
-39
-8
20
43
60
73
81
88
92
95
98
98
99
99
100
98
99
96
97
94
93
91
89
89
89
90
89
89
84
69
43
12
-18
-45
-68
-84
-95
-104
-112
-115
-119
-120
-123
-122
-124
-122
-124
-120
-120
-118
-117
-114
-116
-114
-114
-113
-114
-110
-100
-76
-43
-12
17
40
57
72
81
89
94
96
98
98
99
100
101
100
99
97
97
94
93
91
89
88
88
88
88
88
84
71
46
16
-15
-42
-66
-82
-95
-103
-111
-68
-60
-63
-120
-30
-2
72
-83
-122
-90
-112
19
-125
39
85
89
82
-80
-60
-33
-59
113
-68
31
40
127
-32
-123
-65
-4
-128
34
88
-15
-69
34
43
115
-25
9
60
-115
-128
97
-126
0
-124
96
51
11
-50
-128
1
81
-26
-97
-112
117
-75
-16
-75
-25
66
94
108
71
-4
55
-34
50
76
-103
31
-26
-44
-1
96
15
121
-121
4
-127
-104
-93
-34
-123
-28
-4
23
-96
-80
-4
51
9
57
13
-2
30
-96
95
-119
115
-29
-91
-70
13
-3
18
-34
12
-80
21
79
-106
-13
42
36
110
-42
43
-105
-116
119
120
-64
-127
-124
16
120
0
64
88
88
-113
96
-116
72
7
19
24
-116
80
64
-124
-84
77
122
-45
15
-112
116
40
15
-77
-125
4
114
-122
3
-76
8
5
-103
-72
11
-55
20
-87
-4
-85
-101
-63
-97
-14
-127
127
-121
113
-115
-68
7
-119
24
-128
67
115
80
-64
-73
18
2
27
-98
-62
-42
60
-69
-65
-25
-83
120
-122
-48
71
-33
-32
-68
124
-32
-113
112
-114
-97
-72
119
-128
108
100
112
-117
-119
88
-70
38
-128
120
-128
126
-121
-64
-128
-97
3
-48
-126
-57
-35
-128
-113
0
-81
-50
-16
-107
116
113
-32
-69
-5
-113
79
-33
87
-128
96
-128
-1
-128
-121
-128
-127
-67
-65
-63
-128
122
2
-2
-127
53
-28
104
127
-124
31
126
-72
-72
-77
96
-104
103
-121
-95
-120
-12
64
-128
13
27
-122
-55
23
-32
34
-50
103
-93
124
95
122
67
-80
-98
48
106
-63
96
-17
-123
108
-48
-83
-98
-28
67
-115
66
87
-36
78
-110
66
5
-12
21
93
-107
-128
-98
-16
-126
-122
-54
-32
-119
-125
-28
-33
-87
103
3
120
127
-113
-9
1
-45
126
39
-96
-48
13
26
-68
105
-54
-19
90
-15
-86
-92
98
89
107
42
42
7
11
-54
-43
9
36
104
-109
-81
19
63
-72
24
-45
-117
61
111
-49
27
-2
44
-15
30
-112
108
-59
28
42
42
107
-60
45
54
-43
42
121
53
21
-43
61
10
67
107
125
-94
-97
127
-57
-103
16
-125
-77
-55
10
-18
-46
106
-84
-44
118
-71
-97
26
-11
-7
-43
42
83
-11
31
66
99
-65
119
85
-45
54
-82
-106
10
43
96
44
20
28
-42
-84
37
92
-109
16
-113
-68
-76
62
-128
-17
-109
-84
115
-72
-116
78
99
-114
-61
27
42
-38
92
33
-107
101
107
35
-87
7
-38
92
-46
111
-55
-40
37
53
-44
-62
-76
117
-38
-76
-81
58
103
105
-30
54
-116
-21
-21
-79
-7
-93
-38
-125
91
-59
102
-13
3
91
0
108
36
41
108
-45
37
-43
-43
-123
-74
-85
10
42
17
81
-44
-50
-38
123
-123
-123
112
127
68
-29
42
47
50
48
-35
46
83
-26
-91
88
-37
109
10
34
90
122
-62
106
-49
-61
83
-25
121
101
37
-124
42
-99
115
-83
90
68
53
-94
26
80
50
-42
36
75
87
17
115
-33
71
-89
0
-100
-40
45
123
6
-56
97
122
-61
38
26
-22
44
87
87
33
93
37
-39
51
91
94
-6
-23
-28
-123
-60
90
22
107
-81
-22
49
17
72
-76
69
-38
87
22
43
24
61
-53
34
-112
93
97
57
44
73
96
127
-79
115
-126
48
75
4
105
46
42
-43
106
-108
80
-43
10
42
42
43
70
-107
-40
-93
-47
88
24
105
-97
108
-38
-22
50
96
45
57
32
-43
-78
7
99
-104
-85
-127
-118
-61
43
65
-52
74
64
54
17
22
74
77
-82
39
-110
-40
-50
84
115
53
42
74
9
73
21
28
124
-99
-29
-13
-65
-85
-100
113
27
-67
126
79
18
-115
67
8
-29
41
-111
54
-92
42
-94
-105
-55
103
28
-126
84
-105
72
28
-128
26
56
-69
109
-11
61
-68
-110
-115
-48
77
106
-42
-30
86
-34
-79
-66
122
-4
-125
46
64
3
112
-65
-82
-12
95
-97
-126
-124
-44
-84
41
7
-93
34
85
-37
98
114
93
101
-83
75
9
-125
-49
-40
-127
23
-114
-96
-18
-29
92
-1
-65
-41
-23
75
-64
-78
-2
-112
-113
-97
-65
64
-112
-1
-125
-97
127
112
-65
-13
-128
-16
-76
-106
-109
114
7
19
117
-33
-99
34
40
127
-112
-81
65
-5
-11
127
71
-121
-128
-99
-65
-128
-113
-114
-127
-97
-1
-121
-56
112
60
-65
-121
-121
95
120
-4
-98
4
-126
0
-64
-65
-125
-81
54
99
43
-83
93
-118
-54
46
-38
-109
123
-29
88
24
125
-15
11
-105
51
-75
-93
-17
-103
119
120
89
80
-18
-104
-36
-2
123
-60
36
70
104
-17
-108
19
90
101
-9
-110
90
6
61
-124
51
124
-77
94
63
11
66
115
-122
-99
9
-126
-33
-22
-46
-100
47
-5
-93
115
-100
125
-16
-111
64
-94
-40
-128
-96
12
29
112
-16
103
84
70
-42
-76
72
87
117
100
-81
48
22
-119
68
-79
-62
15
-116
72
-118
14
104
-2
-127
127
-82
-74
95
-127
-80
-121
-69
96
-19
-68
-65
-101
106
-98
29
-38
-89
65
-128
-10
-103
112
-16
