2
2
2
2
2
2
2
2
2
2
2
2
2
2
2
2
2
2
2
2
2
2
2
1
2
2
1
2
2
2
2
2
2
2
2
2
2
2
2
2
2
2
1
1
2
2
2
2
2
2
2
2
2
2
2
2
2
2
2
2
2
2
2
2
2
2
2
2
2
2
1
2
2
2
2
2
1
2
1
2
2
2
1
2
2
1
2
2
2
2
2
2
2
2
2
2
2
2
2
2
2
2
2
2
2
2
1
2
2
2
2
2
2
2
2
2
1
2
2
2
2
2
2
2
2
2
2
2
2
2
2
2
2
2
2
2
2
2
2
2
2
1
2
2
2
2
2
2
2
2
2
1
2
2
2
2
2
1
2
2
2
1
2
2
2
1
1
2
2
2
2
2
2
2
2
2
2
2
2
2
2
2
2
2
2
2
2
2
2
2
2
2
2
2
2
2
2
2
1
2
2
2
2
1
1
2
2
2
2
2
2
2
2
2
2
1
2
2
2
2
2
2
2
2
2
1
1
2
1
1
2
2
2
2
2
2
2
2
2
2
2
2
2
2
1
1
2
2
2
2
2
1
2
1
2
2
2
2
2
2
2
2
2
1
2
2
2
2
2
2
2
2
2
2
1
2
2
2
2
1
2
2
2
2
2
2
2
2
-128
-128
-128
-128
-128
-128
-128
-128
-67
-128
14
-128
-29
-128
-86
-128
-128
-128
-128
-128
-128
-128
-128
-128
112
127
-128
-128
-113
-128
-128
-128
2
2
2
2
2
2
2
2
2
2
2
2
2
2
2
2
2
2
1
2
1
1
2
2
2
2
2
1
2
2
2
2
2
2
2
2
1
1
2
1
2
2
2
2
2
2
2
2
2
2
1
2
2
2
2
2
2
2
2
2
1
2
2
2
2
1
2
2
2
2
2
2
2
2
1
2
1
2
2
2
2
1
2
2
2
2
2
2
2
2
2
2
2
1
2
2
2
2
1
1
2
1
2
1
2
2
2
2
2
2
2
2
2
2
2
1
2
2
2
2
2
2
2
1
2
1
2
2
2
2
2
1
2
2
2
2
2
1
2
1
1
2
2
1
2
2
2
2
2
2
2
2
2
2
2
2
2
1
2
1
2
2
2
2
2
2
2
2
1
2
2
2
2
1
2
2
2
2
1
2
2
2
1
2
2
2
2
2
2
1
2
2
2
2
2
2
2
2
2
2
2
2
2
2
2
2
2
2
2
1
2
2
1
2
2
2
2
2
1
2
2
2
2
2
2
2
1
2
2
2
2
2
2
2
1
2
2
2
2
2
2
2
2
2
2
2
2
2
2
2
1
2
2
1
2
2
2
2
2
2
2
2
2
1
2
2
2
2
2
2
2
2
2
2
1
2
2
2
2
1
2
2
2
2
2
2
2
1
2
2
2
1
2
2
2
2
1
2
2
2
2
1
2
2
2
2
2
2
2
2
2
2
2
1
2
2
2
2
2
2
2
2
2
1
2
2
1
2
2
2
2
2
2
1
1
1
2
2
2
2
2
2
2
2
1
2
2
2
2
2
1
2
2
2
2
2
2
2
2
2
2
2
2
2
2
2
2
2
2
1
2
2
2
2
1
2
2
2
2
2
2
2
2
2
2
1
2
2
2
2
2
2
2
2
2
2
2
2
2
2
2
2
2
1
2
2
2
2
2
2
2
2
2
2
2
2
2
2
2
2
2
2
2
2
1
2
2
2
1
2
2
2
2
2
1
2
1
2
2
2
2
2
2
1
1
2
2
2
2
2
2
2
2
2
2
2
1
2
2
2
2
1
2
2
2
2
2
1
2
1
2
2
1
2
2
2
1
1
2
2
2
2
2
2
2
2
2
2
2
2
1
2
2
2
2
2
2
2
2
2
1
2
1
2
2
2
1
2
2
2
2
2
2
1
2
2
2
2
2
2
2
2
2
2
2
2
2
2
1
2
2
2
2
2
2
2
2
2
2
2
2
2
2
1
2
1
2
2
2
2
2
2
1
2
2
2
1
1
2
2
2
1
2
2
2
2
1
2
2
2
2
2
2
2
2
2
2
2
2
2
2
2
1
2
2
2
2
2
2
2
2
2
2
2
2
2
2
2
2
2
2
2
2
2
2
2
2
2
2
1
2
2
2
1
2
2
2
2
2
2
2
2
2
2
2
2
2
2
2
2
2
2
2
2
2
2
2
2
2
2
2
2
2
2
1
2
2
2
2
2
2
2
2
2
2
2
2
2
2
2
2
2
2
2
2
2
2
1
2
2
2
1
2
2
2
2
1
1
2
2
94
-128
93
-128
93
-121
78
-59
28
-50
-31
-51
-74
-58
-100
-63
-114
-64
-123
-128
-128
-128
-128
-128
-126
-128
-124
-128
-122
-128
-120
-128
-120
-128
-118
-128
-90
-59
-31
-50
26
-50
65
-57
86
-63
96
-64
101
-128
103
-128
104
-128
103
-128
101
-128
97
-128
94
-128
94
-128
94
-128
81
-60
35
-50
-25
-50
-73
-57
-101
-63
-116
-63
-123
-128
-126
-128
-128
-128
-126
-128
-125
-128
-122
-128
-120
-128
-119
-128
-119
-128
-93
-64
-37
-51
19
-50
62
-57
86
-64
97
-65
102
-128
103
-128
104
-128
103
-128
100
-128
97
-128
94
-128
93
-128
94
-128
84
-67
38
-52
-21
-52
-66
-57
-99
-65
-116
-65
-124
-128
-127
-128
-128
-128
-126
-128
-125
-128
-122
-128
-120
-128
-119
-128
-118
-128
-98
-69
-41
-52
19
-51
60
-57
83
-65
97
-65
103
-128
104
-128
105
-128
103
-128
101
-128
98
-128
95
-128
94
-128
94
-128
87
-80
46
-61
-15
-56
-67
-56
-97
-59
-113
-59
-123
-124
-127
-128
-128
-128
-127
-128
-125
-128
-122
-128
-120
-128
-119
-128
-118
-128
-102
-74
-50
-52
9
-51
57
-56
85
-64
97
-65
103
-116
105
-128
105
-128
104
-128
101
-128
98
-128
94
-128
93
-128
93
-128
88
-80
50
-54
-8
-54
-60
-58
-95
-65
-115
-64
-123
-105
-127
-128
-128
-128
-128
-128
-126
-128
-123
-128
-120
-128
-119
-128
-119
-128
-104
-83
-53
-54
4
-51
51
-57
80
-64
95
-64
102
-98
104
-128
105
-128
103
-128
101
-128
98
-128
96
-128
95
-128
94
-128
90
-87
53
-55
-4
-53
-54
-53
-91
-63
-112
-64
-122
-90
-128
-128
-128
-128
-128
-128
-126
-128
-123
-128
-121
-128
-120
-128
-119
-128
-107
-92
-58
-52
3
-48
50
-52
77
-61
94
-64
102
-83
104
-128
105
-128
105
-128
102
-128
99
-128
95
-128
94
-128
93
-128
91
-96
61
-55
1
-50
-56
-53
-90
-61
-109
-63
-120
-77
-126
-128
-128
-128
-128
-128
-126
-128
-123
-128
-121
-128
-120
-128
-120
-128
-109
-101
-64
-55
-9
-50
45
-52
76
-60
93
-64
100
-72
103
-128
105
-128
105
-128
102
-128
99
-128
96
-128
94
-128
94
-128
92
-106
63
-56
7
-50
-42
-52
-86
-59
-110
-63
-120
-69
-126
-128
-128
-128
-128
-128
-126
-128
-124
-128
-121
-128
-120
-128
-119
-128
-112
-113
-68
-56
-9
-48
41
-51
70
-59
91
-64
101
-67
104
-128
105
-128
104
-128
102
-128
99
-128
95
-128
94
-128
93
-128
91
-120
65
-58
7
-51
-46
-51
-84
-58
-104
-63
-119
-64
-126
-128
-128
-128
-128
-128
-125
-128
-124
-128
-122
-128
-121
-128
-120
-128
-113
-128
-71
-60
-9
-50
42
-51
73
-58
90
-64
98
-64
102
-128
105
-128
105
-128
102
-128
99
-128
96
-128
94
-128
94
-128
93
-128
69
-63
12
-51
-44
-51
-85
-57
-107
-62
-119
-62
-124
-128
-127
-128
-128
-128
-126
-128
-124
-128
-121
-128
-120
-128
-120
-128
-115
-128
-75
-62
-16
-50
38
-50
72
-57
91
-65
100
-64
103
-128
104
-128
104
-128
102
-128
100
-128
96
-128
94
-128
94
-128
93
-128
71
-66
16
-51
-38
-50
-80
-56
-107
-64
-120
-63
-126
-128
-128
-128
-127
-128
-126
-128
-125
-128
-121
-128
-120
-128
-120
-128
-116
-128
-79
-68
-17
-51
35
-50
68
-56
89
-64
99
-64
103
-128
104
-128
104
-128
102
-128
100
-128
96
-128
94
-128
94
-128
94
-128
74
-71
21
-51
-38
-50
-79
-56
-103
-63
-118
-63
-125
-127
-128
-128
-128
-128
-127
-128
-124
-128
-122
-128
-121
-128
-119
-128
-117
-128
-85
-73
-25
-50
32
-49
70
-56
90
-64
100
-64
103
-119
105
-128
105
-128
103
-128
100
-128
96
-128
94
-128
93
-128
93
-128
77
-79
27
-54
-32
-51
-78
-56
-106
-63
-119
-64
-125
-108
-128
-128
-128
-128
-128
-128
-125
-128
-122
-128
-120
-128
-120
-128
-118
-128
-88
-84
-31
-54
25
-51
65
-56
88
-64
99
-65
103
-99
104
-128
104
-128
103
-128
101
-128
97
-128
94
-128
94
-128
94
-128
79
-87
32
-54
-25
-52
-71
-56
-101
-64
-118
-67
-126
-92
-128
-128
-128
-128
-127
-128
-125
-128
-122
-128
-121
-128
-119
-128
-117
-128
-92
-94
-33
-56
23
-52
62
-53
85
-62
97
-65
103
-86
105
-128
105
-128
104
-128
101
-128
97
-128
95
-128
94
-128
94
-128
83
-96
37
-57
-24
-53
-69
-55
-98
-63
-115
-65
-124
-81
-128
-128
-128
-128
-128
-128
-125
-128
-123
-128
-121
-128
-120
-128
-119
-128
-96
-102
-44
-57
18
-52
61
-55
84
-62
96
-65
102
-76
103
-128
105
-128
103
-128
101
-128
98
-128
95
-128
94
-128
94
-128
85
-107
44
-58
-11
-53
-64
-54
-98
-61
-115
-65
-123
-70
-127
-128
-128
-128
-128
-128
-126
-128
-123
-128
-121
-128
-119
-128
-119
-128
-99
-115
-45
-57
11
-51
52
-53
81
-60
97
-66
102
-68
104
-128
105
-128
104
-128
101
-128
98
-128
95
-128
94
-128
93
-128
87
-121
46
-60
-13
-52
-61
-53
-91
-59
-112
-64
-123
-65
-127
-128
-128
-128
-127
-128
-126
-128
-123
-128
-122
-128
-120
-128
-119
-128
-102
-128
-50
35
-47
70
-52
91
-60
100
-63
103
-84
105
-128
104
-128
102
-128
99
-128
96
-128
94
-128
93
-128
93
-128
71
-94
16
-53
-39
-48
-79
-51
-104
-59
-119
-61
-126
-77
-128
-128
-128
-128
-127
-128
-124
-128
-121
-128
-120
-128
-119
-128
-115
-128
-82
-98
-21
-53
35
-49
69
-52
89
-59
98
-63
103
-72
105
-128
105
-128
102
-128
100
-128
96
-128
94
-128
94
-128
94
-128
75
-105
28
-55
-32
-49
-78
-51
-103
-58
-117
-63
-124
-68
-128
-128
-128
-128
-127
-128
-125
-128
-122
-128
-120
-128
-119
-128
-117
-128
-87
-113
-30
-55
22
-48
65
-50
89
-58
99
-63
103
-67
104
-128
105
-128
103
-128
101
-128
97
-128
94
-128
93
-128
93
-128
78
-121
30
-58
-27
-50
-67
-50
-99
-58
-117
-63
-124
-63
-127
-128
-128
-128
-127
-128
-125
-128
-122
-128
-121
-128
-119
-128
-118
-128
-90
-128
-31
-59
23
-49
60
-50
82
-58
96
-63
102
-63
103
-128
104
-128
103
-128
101
-128
97
-128
94
-128
94
-128
93
-128
81
-128
35
-62
-24
-50
-68
-50
-98
-57
-112
-63
-123
-63
-128
-128
-128
-128
-127
-128
-125
-128
-122
-128
-120
-128
-120
-128
-119
-128
-97
-128
-39
-62
19
-48
61
-49
85
-57
96
-64
101
-63
103
-128
104
-128
103
-128
101
-128
97
-128
95
-128
94
-128
94
-128
85
-128
43
-66
-18
-51
-68
-50
-98
-57
-115
-63
-123
-63
-126
-128
-128
-128
-127
-128
-125
-128
-122
-128
-120
-128
-120
-128
-119
-128
-99
-128
-44
-69
11
-50
57
-49
83
-55
96
-64
101
-63
103
-128
104
-128
103
-128
101
-128
98
-128
95
-128
94
-128
94
-128
88
-128
47
-74
-12
-51
-60
-49
-95
-55
-114
-63
-123
-64
-127
-118
-128
-128
-127
-128
-125
-128
-123
-128
-120
-128
-119
-128
-118
-128
-104
-128
-52
-77
10
-50
54
-49
80
-54
95
-63
102
-64
105
-109
105
-128
104
-128
101
-128
98
-128
94
-128
93
-128
93
-128
89
-128
54
-82
-7
-52
-61
-50
-94
-55
-112
-63
-122
-63
-127
-99
-128
-128
-128
-128
-126
-128
-122
-128
-120
-128
-120
-128
-119
-128
-108
-128
-60
-86
2
-53
51
-50
80
-54
95
-62
101
-63
103
-92
105
-128
104
-128
102
-128
99
-128
95
-128
94
-128
94
-128
91
-128
61
-89
3
-54
-52
-50
-91
-54
-112
-61
-122
-64
-127
-84
-128
-128
-128
-128
-127
-128
-124
-128
-121
-128
-119
-128
-119
-128
-111
-128
-66
-95
-8
-53
43
-49
75
-53
93
-61
101
-64
103
-78
105
-128
104
-128
101
-128
99
-128
96
-128
94
-128
93
-128
92
-128
65
-101
8
-55
-44
-51
-85
-53
-109
-60
-121
-64
-127
-73
-128
-128
-128
-128
-126
-128
-125
-128
-122
-128
-120
-128
-119
-128
-113
-128
-72
-108
-10
-56
40
-50
71
-52
90
-59
99
-64
103
-69
105
-128
104
-128
102
-128
99
-128
96
-128
94
-128
94
-128
93
-128
71
-115
17
-57
-41
-51
-82
-52
-105
-58
-119
-64
-126
-66
-128
-128
-128
-128
-127
-128
-125
-128
-122
-128
-120
-128
-120
-128
-115
-128
-80
-123
-25
-58
33
-49
71
-51
91
-58
100
-65
103
-65
105
-128
105
-128
103
-128
100
-128
96
-128
93
-128
93
-128
93
-128
74
-128
24
-61
-29
-51
-76
-51
-104
-58
-118
-64
-125
-64
-128
-128
-128
-128
-127
-128
-125
-128
-122
-128
-121
-128
-120
-128
-118
-128
-85
-128
-27
-61
26
-51
62
-51
86
-58
98
-64
102
-64
103
-128
103
-128
102
-128
99
-128
95
-128
93
-128
92
-128
93
-128
78
-128
28
-63
-28
-51
-72
-50
-98
-57
-115
-63
-125
-63
-127
-128
-127
-128
-126
-128
-125
-128
-122
-128
-121
-128
-120
-128
-117
-128
-91
-128
-33
-64
22
-49
61
-49
83
-57
94
-64
100
-64
102
-128
103
-128
101
-128
99
-128
95
-128
92
-128
92
-128
92
-128
81
-128
35
-67
-25
-50
-71
-50
-99
-56
-115
-63
-122
-63
-127
-128
-128
-128
-127
-128
-124
-128
-121
-128
-120
-128
-119
-128
-118
-128
-96
-128
-42
-68
17
-50
60
-50
83
-55
95
-63
100
-63
101
-128
103
-128
102
-128
99
-128
96
-128
93
-128
93
-128
93
-128
85
-128
43
-71
-14
-51
-64
-49
-97
-54
-114
-63
-122
-63
-126
-123
-127
-128
-126
-128
-125
-128
-122
-128
-120
-128
-118
-128
-118
-128
-102
-128
-46
-72
11
-50
53
-48
80
-55
95
-63
101
-64
103
-117
103
-128
102
-128
100
-128
97
-128
93
-128
92
-128
92
-128
87
-128
48
-76
-14
-52
-63
-49
-93
-54
-113
-63
-122
-63
-127
-111
-128
-128
-127
-128
-124
-128
-122
-128
-120
-128
-119
-128
-118
-128
-104
-128
-53
-79
7
-51
55
-49
80
-54
93
-62
100
-62
102
-104
104
-128
103
-128
100
-128
97
-128
94
-128
93
-128
93
-128
89
-128
55
-81
-4
-51
-58
-49
-94
-53
-112
-61
-121
-62
-126
-97
-128
-128
-127
-128
-125
-128
-122
-128
-119
-128
-119
-128
-119
-128
-107
-128
-61
-84
-2
-50
47
-48
77
-53
94
-62
101
-128
89
-128
51
-61
-10
-51
-61
-51
-94
-57
-112
-64
-120
-64
-125
-128
-128
-128
-128
-128
-125
-128
-123
-128
-121
-128
-120
-128
-127
-128
-125
-128
-124
-128
-121
-128
-120
-128
-119
-128
-117
-128
-88
-125
-29
-58
27
-49
66
-51
86
-58
97
-64
101
-64
103
-128
103
-128
102
-128
99
-128
96
-128
94
-128
94
-128
93
-128
81
-128
34
-60
-26
-50
-73
-50
-101
-57
-116
-63
-123
-63
-125
-128
-127
-128
-126
-128
-124
-128
-121
-128
-119
-128
-118
-128
-117
-128
-93
-128
-36
-60
19
-49
62
-50
86
-58
98
-64
103
-63
104
-128
103
-128
102
-128
100
-128
96
-128
93
-128
93
-128
93
-128
83
-128
35
-63
-23
-50
-67
-50
-99
-57
-116
-63
-124
-63
-127
-128
-128
-128
-126
-128
-124
-128
-121
-128
-120
-128
-119
-128
-118
-128
-96
-128
-39
-64
21
-50
61
-50
83
-56
95
-63
102
-63
103
-128
104
-128
102
-128
100
-128
97
-128
94
-128
93
-128
93
-128
85
-128
42
-66
-19
-50
-68
-49
-98
-56
-114
-63
-123
-62
-127
-128
-128
-128
-127
-128
-125
-128
-122
-128
-120
-128
-119
-128
-118
-128
-100
-128
-47
-67
13
-50
58
-48
84
-55
96
-63
101
-64
104
-128
104
-128
103
-128
101
-128
97
-128
95
-128
93
-128
93
-128
87
-128
49
-71
-11
-51
-62
-49
-97
-55
-115
-63
-123
-63
-126
-125
-128
-128
-127
-128
-126
-128
-123
-128
-120
-128
-118
-128
-118
-128
-103
-128
-52
-73
5
-51
51
-49
79
-55
95
-63
101
-64
103
-118
105
-128
103
-128
101
-128
98
-128
95
-128
94
-128
93
-128
89
-128
53
-76
-6
-51
-56
-49
-91
-55
-112
-63
-122
-63
-127
-110
-128
-128
-127
-128
-126
-128
-123
-128
-121
-128
-119
-128
-118
-128
-106
-128
-58
-80
3
-49
50
-49
77
-54
94
-63
102
-63
105
-102
105
-128
105
-128
102
-128
98
-128
94
-128
93
-128
93
-128
90
-128
59
-83
-2
-52
-56
-50
-90
-54
-109
-62
-121
-63
-126
-95
-128
-128
-128
-128
-126
-128
-123
-128
-120
-128
-120
-128
-119
-128
-109
-128
-63
-87
-7
-53
45
-49
76
-53
92
-61
99
-63
102
-89
104
-128
103
-128
102
-128
99
-128
95
-128
93
-128
93
-128
91
-128
62
-91
5
-53
-43
-49
-86
-53
-109
-61
-121
-62
-125
-83
-128
-128
-127
-128
-126
-128
-124
-128
-121
-128
-120
-128
-119
-128
-111
-128
-66
-95
-7
-52
41
-48
70
-52
91
-60
100
-63
103
-78
104
-128
103
-128
101
-128
99
-128
95
-128
94
-128
93
-128
91
-128
64
-100
6
-54
-46
-50
-83
-52
-103
-59
-118
-63
-126
-72
-128
-128
-127
-128
-126
-128
-124
-128
-121
-128
-120
-128
-119
-128
-113
-128
-70
-106
-9
-56
41
-51
72
-52
90
-59
98
-63
102
-69
104
-128
104
-128
102
-128
99
-128
95
-128
94
-128
94
-128
93
-128
69
-113
13
-57
-44
-49
-84
-52
-106
-58
-118
-63
-123
-66
-127
-128
-128
-128
-126
-128
-124
-128
-121
-128
-119
-128
-119
-128
-115
-128
-76
-119
-18
-56
36
-49
71
-51
91
-58
100
-64
103
-65
104
-128
103
-128
101
-128
99
-128
96
-128
93
-128
93
-128
93
-128
70
-126
16
-59
-37
-49
-80
-51
-106
-58
-120
-63
-125
-63
-127
-128
-127
-128
-125
-128
-124
-128
-121
-128
-119
-128
-119
-128
-115
-128
-78
-128
-17
-60
35
-49
68
-50
88
-57
98
-64
102
-63
103
-128
103
-128
101
-128
99
-128
96
-128
94
-128
94
-128
93
-128
73
-128
20
-62
-39
-50
-80
-49
-103
-57
-118
-63
-125
-63
-128
-128
-128
-128
-126
-128
-123
-128
-120
-128
-120
-128
-119
-128
-116
-128
-84
-128
-24
-62
32
-49
69
-49
89
-57
98
-63
102
-63
103
-128
104
-128
102
-128
99
-128
97
-128
94
-128
93
-128
93
-128
77
-128
27
-66
-32
-50
-78
-49
-104
-55
-118
-63
-124
-62
-127
-128
-128
-128
-126
-128
-124
-128
-121
-128
-119
-128
-118
-128
-117
-128
-88
-128
-31
-67
24
-50
65
-49
87
-55
98
-63
103
-63
104
-128
104
-128
102
-128
100
-128
96
-128
94
-128
93
-128
93
-128
80
-128
32
-71
-24
-50
-70
-49
-101
-55
-117
-62
-125
-63
-128
-124
-128
-128
-127
-128
-125
-128
-122
-128
-120
-128
-119
-128
-116
-128
-92
-128
-34
-72
22
-50
61
-48
85
-55
98
-63
103
-64
105
-118
105
-128
103
-128
100
-128
96
-128
93
-128
93
-128
93
-128
82
-128
36
-76
-24
-51
-70
-49
-98
-55
-114
-63
-123
-63
-127
-111
-128
-128
-127
-128
-125
-128
-122
-128
-121
-128
-119
-128
-118
-128
-96
-128
-44
-80
16
-52
60
-51
83
-56
95
-64
101
-64
103
-103
104
-128
103
-128
100
-128
97
-128
94
-128
93
-128
93
-128
85
-128
43
-85
-12
-54
-63
-51
-98
-56
-114
-64
-122
-65
-127
-96
-128
-128
-127
-128
-126
-128
-123
-128
-120
-128
-119
-128
-119
-128
-99
-128
-45
-88
10
-53
51
-50
79
-55
95
-63
101
-65
103
-90
104
-128
102
-128
100
-128
97
-128
94
-128
93
-128
94
-128
86
-128
45
-91
-13
-54
-61
-51
-91
-54
-112
-62
-122
-64
-127
-85
-128
-128
-127
-128
-125
-128
-122
-128
-120
-128
-120
-64
103
-92
104
-128
103
-128
101
-128
98
-128
94
-128
93
-128
93
-128
90
-128
60
-87
4
-53
-49
-50
-88
-60
-50
-51
-91
-51
-110
-58
-120
-63
-126
-64
-128
-128
-128
-128
-126
-128
-123
-128
-120
-128
-119
-128
-119
-128
-111
-128
-69
-128
-10
-61
41
-50
74
-50
93
-58
99
-64
103
-64
104
-128
103
-128
101
-128
99
-128
94
-128
93
-128
93
-128
92
-128
67
-128
14
-62
-42
-50
-84
-50
-108
-57
-121
-64
-126
-63
-127
-128
-128
-128
-126
-128
-124
-128
-121
-128
-119
-128
-118
-128
-113
-128
-74
-128
-15
-62
35
-49
71
-50
91
-57
101
-64
104
-64
105
-128
104
-128
101
-128
99
-128
95
-128
93
-128
93
-128
92
-128
69
-128
14
-65
-40
-51
-80
-50
-104
-57
-119
-64
-125
-63
-128
-128
-128
-128
-126
-128
-124
-128
-121
-128
-120
-128
-118
-128
-114
-128
-79
-128
-18
-66
35
-50
69
-50
89
-56
98
-64
102
-64
103
-128
104
-128
102
-128
99
-128
95
-128
93
-128
93
-128
93
-128
73
-128
25
-68
-35
-52
-80
-50
-104
-56
-117
-64
-124
-63
-127
-128
-128
-128
-127
-128
-124
-128
-121
-128
-120
-128
-119
-128
-116
-128
-82
-128
-25
-70
25
-49
66
-49
88
-55
98
-64
101
-64
103
-128
104
-128
102
-128
99
-128
96
-128
94
-128
93
-128
93
-128
75
-128
25
-73
-30
-51
-71
-49
-101
-55
-118
-63
-124
-63
-127
-121
-127
-128
-126
-128
-124
-128
-121
-128
-120
-128
-119
-128
-117
-128
-85
-128
-26
-75
27
-51
64
-49
84
-54
96
-63
101
-64
103
-115
103
-128
102
-128
99
-128
96
-128
94
-128
93
-128
93
-128
78
-128
30
-78
-29
-52
-73
-50
-99
-54
-113
-62
-123
-63
-127
-106
-128
-128
-126
-128
-124
-128
-121
-128
-120
-128
-119
-128
-117
-128
-91
-128
-33
-80
24
-51
65
-49
87
-55
97
-62
102
-64
104
-101
105
-128
103
-128
100
-128
96
-128
93
-128
93
-128
93
-128
81
-128
35
-84
-25
-52
-73
-50
-101
-55
-116
-62
-123
-63
-125
-95
-127
-128
-126
-128
-124
-128
-121
-128
-120
-128
-119
-128
-118
-128
-93
-128
-35
-87
19
-53
61
-50
86
-54
97
-61
101
-63
103
-89
103
-128
102
-128
100
-128
97
-128
94
-128
93
-128
93
-128
83
-128
36
-90
-22
-53
-66
-50
-98
-53
-116
-61
-123
-63
-127
-84
-127
-128
-126
-128
-124
-128
-122
-128
-120
-128
-119
-128
-118
-128
-96
-128
-40
-94
19
-53
60
-49
83
-52
95
-61
102
-64
103
-81
104
-128
102
-128
100
-128
97
-128
94
-128
93
-128
93
-128
86
-128
43
-98
-18
-55
-68
-50
-98
-52
-113
-60
-123
-63
-127
-75
-128
-128
-127
-128
-125
-128
-121
-128
-120
-128
-119
-128
-118
-128
-100
-128
-46
-102
12
-55
58
-49
84
-52
95
-60
101
-63
103
-72
103
-128
102
-128
100
-128
97
-128
94
-128
93
-128
93
-128
87
-128
49
-108
-8
-55
-61
-50
-95
-52
-115
-59
-123
-64
-126
-68
-128
-128
-127
-128
-125
-128
-122
-128
-119
-128
-118
-128
-117
-128
-103
-128
-53
-113
5
-56
52
-49
80
-51
95
-59
103
-64
104
-67
104
-128
103
-128
101
-128
97
-128
94
-128
93
-128
92
-128
88
-128
51
-118
-8
-58
-57
-50
-92
-52
-112
-58
-123
-64
-127
-65
-128
-128
-127
-128
-125
-128
-123
-128
-120
-128
-120
-128
-119
-128
-106
-128
-56
-124
4
-59
51
-50
77
-51
93
-58
100
-64
103
-65
104
-128
103
-128
101
-128
98
-128
94
-128
93
-128
93
-128
90
-128
59
-128
-2
-60
-56
-51
-92
-51
-110
-57
-121
-64
-126
-63
-128
-128
-128
-128
-126
-128
-123
-128
-120
-128
-120
-128
-119
-128
-107
-128
-62
-128
-6
-60
46
-49
77
-50
93
-59
100
-65
103
-64
104
-128
104
-128
101
-128
99
-128
95
-128
94
-128
93
-128
91
-128
60
-128
4
-63
-45
-50
-87
-51
-109
-57
-120
-63
-125
-63
-128
-128
-128
-128
-126
-128
-123
-128
-121
-128
-120
-128
-119
-128
-110
-128
-63
-128
-5
-64
43
-50
71
-50
91
-57
99
-64
103
-63
103
-128
103
-128
101
-128
99
-128
95
-128
94
-128
94
-128
92
-128
63
-128
6
-65
-46
-50
-84
-50
-105
-56
-119
-64
-125
-62
-128
-128
-127
-128
-125
-128
-123
-128
-121
-128
-120
-128
-119
-128
-112
-128
-70
-128
-8
-66
42
-49
73
-49
91
-56
99
-64
103
-64
105
-128
104
-128
102
-128
99
-128
95
-128
93
-128
93
-128
92
-128
67
-128
10
-68
-46
-51
-85
-51
-106
-56
-119
-64
-124
-64
-128
-128
-128
-128
-126
-128
-124
-128
-120
-128
-120
-128
-119
-128
-113
-128
-73
-128
-15
-69
38
-51
71
-50
90
-55
99
-63
102
-63
103
-128
103
-128
101
-128
99
-128
95
-128
93
-128
93
-128
93
-128
69
-128
14
-71
-39
-51
-81
-50
-107
-55
-119
-63
-124
-64
-127
-122
-126
-128
-125
-128
-123
-128
-121
-128
-119
-128
-119
-128
-114
-128
-76
-128
-14
-74
37
-50
69
-49
90
-55
99
-63
103
-64
104
-118
103
-128
102
-128
99
-128
95
-128
94
-128
93
-128
93
-128
72
-128
18
-77
-41
-52
-80
-50
-103
-56
-119
-63
-125
-63
-128
-112
-128
-128
-126
-128
-123
-128
-120
-128
-120
-128
-119
-128
-116
-128
-82
-128
-22
-85
33
-60
70
-57
90
-54
98
-128
103
-128
101
-128
98
-128
94
-128
93
-128
93
-128
87
-128
47
-114
-14
-57
-63
-50
-95
-52
-112
-58
-121
-63
-126
-66
-128
-128
-127
-128
-125
-128
-122
-128
-121
-128
-120
-128
-120
-128
-103
-128
-53
-121
8
-58
55
-49
81
-49
95
-56
101
-63
102
-66
103
-128
103
-128
101
-128
98
-128
94
-128
94
-128
94
-128
89
-128
52
-124
-5
-60
-59
-51
-95
-51
-113
-58
-122
-64
-126
-64
-128
-128
-127
-128
-126
-128
-123
-128
-120
-128
-119
-128
-118
-128
-106
-128
-56
-128
2
-58
46
-49
73
-50
89
-58
94
-65
97
-65
99
-128
99
-128
100
-128
100
-128
99
-128
99
-128
98
-128
94
-128
56
-128
-6
-62
-57
-51
-90
-51
-111
-58
-121
-64
-126
-65
-128
-128
-126
-128
-125
-128
-122
-128
-120
-128
-119
-128
-119
-128
-107
-128
-58
-128
4
-62
53
-50
79
-50
93
-58
100
-64
103
-64
104
-128
103
-128
101
-128
98
-128
95
-128
94
-128
94
-128
91
-128
60
-128
1
-64
-54
-52
-92
-50
-111
-57
-120
-64
-126
-64
-128
-128
-128
-128
-125
-128
-123
-128
-119
-128
-118
-128
-119
-128
-111
-128
-68
-128
-7
-65
45
-50
77
-51
94
-58
101
-65
103
-65
103
-128
102
-128
99
-128
96
-128
93
-128
91
-128
92
-128
91
-128
62
-128
6
-69
-47
-53
-87
-52
-110
-57
-122
-65
-126
-65
-128
-128
-128
-128
-126
-128
-123
-128
-120
-128
-119
-128
-118
-128
-111
-128
-67
-128
-8
-72
40
-53
72
-52
91
-57
99
-65
101
-67
103
-128
103
-128
100
-128
98
-128
94
-128
93
-128
93
-128
92
-128
67
-128
8
-72
-44
-52
-83
-52
-106
-58
-119
-67
-125
-67
-128
-128
-128
-128
-126
-128
-124
-128
-121
-128
-120
-128
-119
-128
-113
-128
-76
-128
-13
-75
40
-50
71
-49
90
-56
99
-67
101
-67
103
-124
103
-128
102
-128
99
-128
94
-128
93
-128
92
-128
92
-128
69
-128
19
-76
-39
-54
-82
-52
-106
-57
-118
-65
-124
-65
-128
-118
-128
-128
-127
-128
-124
-128
-121
-128
-119
-128
-119
-128
-114
-128
-77
-128
-19
-78
30
-54
68
-51
90
-56
99
-64
102
-65
103
-113
103
-128
102
-128
100
-128
96
-128
94
-128
93
-128
93
-128
72
-128
21
-80
-34
-53
-73
-51
-102
-55
-118
-64
-125
-64
-127
-105
-127
-128
-126
-128
-124
-128
-121
-128
-120
-128
-118
-128
-116
-128
-82
-128
-22
-81
30
-52
66
-50
86
-54
99
-63
104
-65
105
-101
105
-128
103
-128
100
-128
96
-128
93
-128
93
-128
92
-128
74
-128
21
-84
-35
-52
-76
-50
-101
-54
-115
-62
-123
-63
-128
-95
-128
-128
-126
-128
-124
-128
-121
-128
-120
-128
-120
-128
-117
-128
-85
-128
-24
-86
31
-52
67
-50
87
-53
97
-62
101
-63
103
-91
104
-128
102
-128
100
-128
96
-128
94
-128
94
-128
94
-128
77
-128
29
-88
-31
-52
-76
-49
-103
-53
-117
-60
-123
-62
-126
-86
-127
-128
-126
-128
-124
-128
-121
-128
-120
-128
-119
-128
-117
-128
-87
-128
-28
-90
25
-51
65
-48
87
-52
98
-60
103
-62
104
-82
104
-128
103
-128
100
-128
97
-128
95
-128
94
-128
93
-128
79
-128
28
-93
-29
-52
-72
-48
-101
-51
-117
-59
-124
-62
-127
-78
-128
-128
-126
-128
-124
-128
-121
-128
-120
-128
-119
-128
-117
-128
-90
-128
-31
-96
27
-52
65
-48
86
-51
97
-59
102
-63
104
-76
104
-128
103
-128
100
-128
97
-128
94
-128
94
-128
94
-128
82
-128
35
-98
-26
-54
-74
-48
-101
-51
-115
-58
-124
-62
-127
-72
-128
-128
-126
-128
-124
-128
-121
-128
-120
-128
-119
-128
-118
-128
-95
-128
-38
-102
21
-52
63
-48
88
-50
99
-58
103
-62
105
-70
105
-128
103
-128
100
-128
97
-128
94
-128
93
-128
93
-128
84
-128
40
-107
-20
-55
-68
-48
-100
-50
-118
-57
-124
-62
-127
-67
-128
-128
-127
-128
-125
-128
-122
-128
-120
-128
-119
-128
-118
-128
-96
-128
-41
-112
15
-55
57
-48
83
-49
96
-57
102
-61
104
-65
104
-128
103
-128
101
-128
98
-128
95
-128
94
-128
93
-128
85
-128
42
-117
-16
-57
-62
-48
-95
-50
-114
-57
-123
-61
-128
-63
-128
-128
-127
-128
-125
-128
-122
-128
-120
-128
-119
-128
-118
-128
-101
-128
-46
-123
13
-56
55
-48
81
-49
95
-56
102
-62
105
-64
105
-128
104
-128
102
-128
98
-128
94
-128
93
-128
93
-128
86
-128
51
-128
-11
-58
-63
-49
-95
-49
-112
-57
-122
-62
-127
-62
-128
-128
-128
-128
-126
-128
-123
-128
-120
-128
-120
-128
-119
-128
-103
-128
-53
-128
1
-59
51
-49
79
-49
94
-56
100
-62
103
-62
104
-128
103
-128
101
-128
98
-128
94
-128
93
-128
93
-128
88
-128
52
-128
-4
-61
-50
-49
-90
-50
-112
-56
-121
-63
-125
-62
-128
-128
-127
-128
-126
-128
-123
-128
-120
-128
-119
-128
-118
-128
-106
-128
-57
-128
1
-62
47
-49
75
-49
93
-57
101
-64
104
-62
105
-128
104
-128
101
-128
98
-128
94
-128
93
-62
-125
-63
-128
-98
-128
-128
-127
-128
-124
-128
-121
-128
-119
-128
-118
-128
-117
-128
-88
-128
-31
-83
26
-52
66
-52
89
-83
36
-51
72
-49
91
-54
99
-62
102
-64
104
-94
103
-128
101
-128
99
-128
94
-128
92
-128
92
-128
91
-128
71
-128
19
-88
-38
-53
-82
-50
-108
-54
-120
-62
-124
-63
-128
-87
-128
-128
-126
-128
-124
-128
-120
-128
-119
-128
-118
-128
-115
-128
-80
-128
-22
-91
30
-53
67
-50
88
-54
98
-62
101
-63
102
-84
102
-128
101
-128
98
-128
95
-128
93
-128
92
-128
91
-128
73
-128
22
-94
-33
-54
-76
-50
-103
-53
-118
-61
-125
-63
-128
-79
-128
-128
-126
-128
-124
-128
-121
-128
-119
-128
-118
-128
-115
-128
-84
-128
-25
-97
26
-53
62
-49
84
-52
95
-60
100
-65
103
-76
103
-128
101
-128
99
-128
95
-128
92
-128
91
-128
90
-128
75
-128
27
-101
-32
-55
-75
-50
-101
-52
-116
-60
-123
-64
-127
-73
-128
-128
-126
-128
-124
-128
-121
-128
-119
-128
-118
-128
-116
-128
-88
-128
-35
-106
23
-55
65
-50
86
-53
96
-59
100
-63
102
-70
102
-128
100
-128
97
-128
94
-128
91
-128
91
-128
92
-128
79
-128
33
-111
-20
-57
-70
-50
-100
-52
-115
-59
-122
-63
-126
-68
-127
-128
-126
-128
-124
-128
-121
-128
-119
-128
-118
-128
-117
-128
-93
-128
-38
-115
15
-56
55
-49
82
-51
95
-59
101
-65
103
-67
103
-128
102
-128
99
-128
95
-128
91
-128
91
-128
91
-128
80
-128
35
-119
-20
-57
-66
-51
-93
-52
-112
-58
-122
-63
-126
-65
-127
-128
-126
-128
-123
-128
-121
-128
-119
-128
-118
-128
-117
-128
-95
-128
-38
-123
18
-59
58
-50
80
-50
92
-57
99
-63
101
-65
102
-128
101
-128
98
-128
95
-128
92
-128
93
-128
93
-128
83
-128
41
-127
-19
-60
-66
-50
-96
-50
-112
-57
-120
-63
-124
-64
-127
-128
-126
-128
-123
-128
-120
-128
-119
-128
-119
-128
-118
-128
-98
-128
-45
-128
13
-58
57
-49
81
-49
94
-57
99
-64
101
-63
102
-128
101
-128
99
-128
96
-128
93
-128
93
-128
92
-128
85
-128
45
-128
-11
-61
-62
-50
-95
-50
-113
-56
-121
-63
-125
-63
-126
-128
-125
-128
-124
-128
-121
-128
-119
-128
-118
-128
-117
-128
-100
-128
-45
-128
11
-61
53
-49
79
-49
94
-56
101
-63
102
-63
103
-128
102
-128
100
-128
97
-128
94
-128
93
-128
93
-128
87
-128
49
-128
-12
-62
-61
-50
-92
-49
-111
-56
-121
-63
-126
-63
-127
-128
-126
-128
-123
-128
-121
-128
-119
-128
-118
-128
-116
-128
-103
-128
-53
-128
7
-62
55
-50
81
-51
94
-57
101
-64
103
-64
104
-128
103
-128
100
-128
97
-128
93
-128
93
-128
93
-128
88
-128
54
-128
-5
-66
-58
-52
-94
-51
-112
-58
-120
-65
-125
-65
-128
-128
-127
-128
-125
-128
-122
-128
-119
-128
-118
-128
-118
-128
-105
-128
-58
-128
1
-66
50
-51
79
-51
94
-57
101
-64
103
-64
103
-128
103
-128
101
-128
98
-128
95
-128
93
-128
93
-128
90
-128
57
-128
0
-66
-52
-51
-89
-50
-111
-57
-122
-64
-126
-63
-127
-128
-127
-128
-125
-128
-123
-128
-120
-128
-119
-128
-117
-128
-108
-128
-60
-128
-2
-65
46
-49
76
-49
93
-57
101
-64
104
-64
105
-128
103
-128
101
-128
98
-128
95
-128
93
-128
93
-128
91
-128
61
-128
2
-68
-49
-51
-86
-50
-107
-56
-120
-64
-126
-63
-128
-128
-127
-128
-125
-128
-123
-128
-120
-128
-120
-128
-119
-128
-110
-128
-68
-128
-6
-67
46
-50
75
-50
92
-56
100
-63
103
-64
105
-128
104
-128
102
-128
99
-128
95
-128
94
-128
94
-128
92
-128
66
-128
15
-69
-44
-52
-86
-50
-108
-55
-119
-64
-125
-63
-128
-128
-128
-128
-126
-128
-124
-128
-120
-128
-119
-128
-119
-128
-112
-128
-71
-128
-13
-69
36
-50
73
-49
93
-55
101
-64
104
-64
106
-128
105
-128
103
-128
100
-128
96
-128
94
-128
94
-128
93
-128
67
-128
12
-70
-42
-52
-79
-49
-106
-55
-120
-63
-125
-64
-128
-128
-128
-128
-126
-128
-124
-128
-121
-128
-121
-128
-119
-128
-113
-128
-71
-128
-10
-71
39
-50
71
-49
88
-55
99
-63
103
-63
105
-127
105
-128
103
-128
101
-128
97
-128
95
-128
94
-128
94
-128
70
-128
13
-73
-42
-51
-82
-50
-105
-55
-116
-63
-124
-63
-128
-123
-128
-128
-126
-128
-124
-128
-121
-128
-120
-128
-120
-128
-115
-128
-77
-128
-15
-73
39
-49
73
-49
91
-55
100
-64
103
-64
105
-122
105
-128
103
-128
100
-128
96
-128
95
-128
95
-128
94
-128
72
-128
20
-74
-39
-51
-82
-49
-106
-54
-119
-63
-125
-63
-127
-118
-128
-128
-126
-128
-124
-128
-121
-128
-120
-128
-119
-128
-116
-128
-78
-128
-18
-76
33
-51
69
-49
91
-55
100
-63
104
-63
105
-115
105
-128
103
-128
101
-128
97
-128
95
-128
95
-128
94
-128
75
-128
20
-77
-36
-51
-77
-50
-104
-54
-119
-63
-125
-64
-128
-111
-128
-128
-126
-128
-125
-128
-122
-128
-121
-128
-119
-128
-117
-128
-84
-128
-23
-78
35
-50
70
-48
90
-55
101
-63
105
-64
106
-108
106
-128
104
-128
101
-128
97
-128
95
-128
95
-128
94
-128
77
-128
26
-81
-34
-53
-79
-50
-104
-55
-118
-128
-68
-128
-128
-128
-128
-126
-128
-123
-128
-122
-128
-121
-128
-120
-128
-104
-128
-51
-113
10
-56
55
-49
81
-51
95
-59
101
-64
104
-67
105
-128
104
-128
102
-128
99
-128
96
-128
95
-128
95
-128
90
-128
52
-117
-10
-58
-62
-51
-95
-52
-113
-58
-122
-64
-126
-66
-128
-128
-128
-128
-127
-128
-124
-128
-122
-128
-120
-128
-120
-128
-105
-128
-54
-121
4
-58
52
-50
81
-51
95
-58
101
-64
103
-65
104
-128
104
-128
102
-128
99
-128
96
-128
95
-128
94
-128
91
-128
54
-125
-4
-59
-55
-50
-92
-51
-113
-58
-123
-65
-126
-64
-128
-128
-127
-128
-126
-128
-124
-128
-122
-128
-120
-128
-119
-128
-108
-128
-60
-128
3
-59
50
-49
77
-50
95
-58
102
-65
105
-65
106
-128
104
-128
101
-128
98
-128
94
-128
94
-128
93
-128
91
-128
59
-128
-2
-61
-57
-51
-92
-51
-111
-57
-123
-63
-127
-63
-128
-128
-128
-128
-127
-128
-124
-128
-121
-128
-121
-128
-120
-128
-110
-128
-65
-128
-3
-62
48
-51
78
-50
93
-58
100
-63
103
-64
105
-128
104
-128
102
-128
99
-128
96
-128
94
-128
94
-128
92
-128
65
-128
6
-63
-49
-51
-88
-50
-112
-58
-122
-63
-127
-63
-128
-128
-128
-128
-127
-128
-124
-128
-122
-128
-120
-128
-120
-128
-113
-128
-70
-128
-10
-63
41
-49
73
-50
92
-57
101
-64
104
-64
105
-128
104
-128
102
-128
99
-128
96
-128
94
-128
93
-128
92
-128
66
-128
9
-65
-44
-51
-84
-50
-108
-57
-122
-64
-127
-63
-128
-128
-128
-128
-127
-128
-125
-128
-122
-128
-121
-128
-120
-128
-114
-128
-73
-128
-11
-66
39
-51
71
-50
90
-57
99
-63
103
-63
105
-128
105
-128
102
-128
99
-128
96
-128
94
-128
94
-128
93
-128
72
-128
17
-68
-41
-51
-81
-50
-105
-56
-119
-64
-125
-64
-128
-128
-128
-128
-127
-128
-125
-128
-122
-128
-120
-128
-120
-128
-116
-128
-80
-128
-25
-68
31
-49
70
-49
91
-56
100
-64
103
-64
105
-128
105
-128
102
-128
99
-128
96
-128
93
-128
93
-128
93
-128
73
-128
21
-70
-31
-52
-77
-50
-105
-55
-118
-63
-124
-63
-128
-128
-128
-128
-127
-128
-125
-128
-122
-128
-121
-128
-119
-128
-117
-128
-83
-128
-24
-71
28
-51
62
-49
87
-55
98
-63
102
-64
104
-126
104
-128
103
-128
99
-128
96
-128
94
-128
93
-128
93
-128
76
-128
25
-74
-31
-52
-74
-50
-99
-55
-116
-63
-125
-63
-128
-119
-128
-128
-127
-128
-125
-128
-122
-128
-121
-128
-120
-128
-117
-128
-88
-128
-29
-74
27
-49
64
-49
85
-55
96
-63
102
-64
103
-116
104
-128
102
-128
99
-128
96
-128
94
-128
93
-128
93
-128
79
-128
30
-77
-29
-52
-75
-49
-101
-55
-115
-62
-121
-62
-127
-112
-128
-128
-127
-128
-125
-128
-122
-128
-120
-128
-120
-128
-119
-128
-92
-128
-36
-78
22
-51
63
-49
85
-55
96
-63
101
-64
102
-109
103
-128
102
-128
100
-128
96
-128
94
-128
93
-128
93
-128
83
-128
36
-81
-20
-52
-69
-49
-100
-54
-117
-63
-124
-63
-126
-101
-127
-128
-126
-128
-126
-128
-122
-128
-120
-128
-119
-128
-118
-128
-96
-128
-38
-81
19
-50
59
-49
85
-54
97
-62
103
-64
104
-99
104
-128
102
-128
99
-128
96
-128
93
-128
93
-128
93
-128
84
-128
40
-84
-21
-53
-68
-50
-97
-54
-115
-64
-124
-64
-128
-95
-128
-128
-127
-128
-124
-128
-122
-128
-120
-128
-119
-128
-118
-128
-98
-128
-43
-85
15
-52
60
-49
83
-128
94
-124
101
96
102
-128
103
-128
102
-128
99
-112
96
-31
92
-128
92
-128
92
-128
86
-126
47
-113
-14
-128
-63
-118
-98
-128
-114
-128
-122
-128
-126
-128
-128
-128
-128
-128
-126
-128
-123
-128
-120
-61
-119
-50
-118
-50
-101
-56
-51
-63
8
-63
55
-128
83
-128
97
-128
102
-128
103
-128
104
-128
103
-128
100
-128
96
-128
92
-61
91
-49
91
-50
87
-57
50
-64
-7
-64
-57
-128
-92
-128
-112
-128
-123
-128
-127
-128
-128
-128
-127
-128
-126
-128
-124
-128
-121
-64
-119
-49
-118
-50
-104
-56
-53
-63
4
-63
50
-128
78
-128
94
-128
101
-128
103
-128
104
-128
-128
-128
-128
-128
-128
-128
-128
-66
-128
-50
-128
-50
-128
-55
-128
-64
-128
-62
-128
-128
-128
-128
-128
-128
127
-128
-128
-128
-128
-128
-128
-128
54
-128
80
-128
95
-68
101
-50
103
-49
103
-55
101
-63
99
-63
95
-128
93
-128
92
-128
91
-128
86
-128
47
-128
-14
-128
-61
-128
-93
-128
-111
-69
-121
-49
-125
-48
-127
-55
-125
-64
-123
-64
-120
-125
-119
-128
-117
-128
-117
-128
-102
-128
-52
-128
7
-128
54
-128
79
-128
93
-74
99
-51
102
-49
103
-56
102
-63
100
-63
97
-116
93
-128
93
-128
92
-128
89
-128
55
-128
-4
-128
-56
-128
-93
-128
-111
-77
-120
-51
-125
-49
-128
-54
-127
-63
-124
-63
-122
-109
-118
-128
-117
-128
-118
-128
-107
-128
-61
-128
-2
-128
47
-128
77
-128
94
-81
101
-62
103
-63
105
-99
105
-128
104
-128
101
-128
98
-128
95
-128
94
-128
95
-128
81
-128
33
-85
-27
-53
-128
-29
-128
-72
-128
-99
-128
-114
-60
-123
-49
-127
-50
-127
-58
-126
-65
-124
-64
-121
-128
-120
-128
-120
-128
-117
-128
-92
-128
-32
-128
25
-128
65
-128
86
-128
97
-63
101
-51
104
-51
105
-57
103
-63
101
-62
98
-128
95
-128
95
-128
95
-128
83
-128
38
-128
-22
-128
-69
-128
-100
-128
-115
-65
-122
-51
-126
-50
-128
-56
-126
-63
-125
-63
-121
-128
-119
-128
-119
-128
-118
-128
-97
-128
-40
-128
16
-128
60
-128
86
-128
98
-67
103
-50
105
-50
105
-55
104
-63
101
-63
98
-128
95
-128
94
-128
94
-128
87
-128
42
-128
-16
-128
-62
-128
-97
-128
-115
-69
-124
-50
-127
-48
-128
-56
-127
-64
-125
-64
-122
-126
-120
-128
-119
-128
-118
-128
-101
-128
-46
-128
15
-128
58
-128
82
-128
95
-73
102
-52
104
-49
105
-55
104
-63
102
-63
99
-115
96
-128
95
-128
95
-128
90
-128
51
-128
-10
-128
-63
-128
-95
-128
-112
-78
-123
-51
-128
-49
-128
-54
-128
-62
-125
-63
-122
-106
-121
-128
-120
-128
-119
-128
-105
-128
-55
-128
5
-128
53
-128
83
-128
96
-82
102
-52
105
-49
106
-54
105
-61
103
-63
100
-95
96
-128
95
-128
95
-128
91
-128
58
-128
0
-128
-55
-128
-92
-128
-113
-86
-123
-110
-127
-57
-128
11
-128
58
-126
86
-124
100
-121
104
-120
105
-119
106
-109
104
-62
101
-4
98
46
94
77
93
95
93
102
92
105
60
105
-5
105
-61
102
-96
100
-116
97
-123
95
-127
94
-128
93
-127
63
-124
6
-122
-47
-119
-86
-119
-109
-118
-122
-113
-127
-63
-128
5
-128
54
-127
84
-124
97
-121
102
-121
104
-119
105
-112
104
-70
102
-8
98
43
95
74
93
93
93
102
93
106
67
107
3
106
-56
103
-93
101
-114
96
-123
95
-126
94
-128
92
-127
69
-125
12
-123
-45
-119
-84
-119
-107
-118
-119
-114
-126
-72
-128
-2
-128
49
-127
81
-125
96
-122
102
-121
104
-120
105
-115
104
-77
102
-21
100
36
95
73
93
91
94
100
93
103
72
105
10
105
-51
104
-91
100
-112
97
-122
95
-126
95
-128
94
-127
73
-125
21
-123
-31
-120
-79
-119
-106
-118
-119
-116
-125
-80
-128
-10
-128
44
-128
77
-125
94
-122
102
-121
103
-120
104
-117
104
-82
102
-23
98
29
95
64
93
88
93
100
93
104
78
105
20
105
-43
103
-86
101
-110
98
-121
96
-125
95
-128
95
-128
77
-125
25
-123
-31
-120
-75
-118
-99
-118
-117
-116
-125
-88
-128
-20
-128
38
-127
74
-125
93
-122
102
-122
104
-121
105
-118
105
-89
102
-29
99
27
95
65
92
86
93
96
92
102
82
104
28
105
-36
103
-83
101
-108
97
-121
95
-125
95
-128
94
-128
83
-126
34
-124
-26
-120
-72
-118
-100
-118
-116
-117
-123
-94
-128
-29
-128
32
-128
71
-125
91
-122
100
-121
103
-120
104
-120
104
-96
-1
-128
-128
-128
-33
-128
8
-61
-44
10
-22
-36
42
88
-100
22
-96
97
13
3
-14
-31
115
-81
96
-35
111
-65
127
-121
-125
-68
-65
124
116
120
-104
-96
-100
-97
84
94
-83
-107
-43
36
121
69
62
-99
87
112
-115
-105
25
27
-111
-105
-81
-128
-15
15
62
108
-68
-95
-32
-127
-35
37
20
-103
-113
-127
-127
-113
-65
-128
-128
-128
64
-2
-113
-1
-60
-74
127
-128
75
-70
52
-18
55
-99
-7
-62
10
83
-108
90
56
58
-6
-83
51
-97
78
124
-126
-128
98
120
17
-99
56
-64
-128
112
-97
-16
94
113
-119
-99
-128
-112
117
-12
-62
-128
-113
-121
-8
-97
127
-128
49
114
5
-52
86
5
-86
-101
119
-91
117
95
14
-78
73
-67
-29
-97
127
63
-32
-114
-121
-128
-70
-127
-123
-128
-128
126
76
-1
74
21
40
21
87
-103
109
36
28
57
52
-33
67
-16
85
1
-113
-112
-122
-128
-113
-128
-68
123
31
-72
67
-105
86
38
-121
26
-66
-125
-1
-121
-98
-125
-88
-97
-65
127
-121
-96
-65
-2
-128
-118
4
-31
109
32
26
69
31
-126
58
-43
-54
-54
55
85
14
-43
65
127
-120
-104
-86
-33
-112
-1
111
99
78
-105
112
-21
121
-113
-16
-127
-36
-93
-121
-40
84
-70
-114
-65
-114
-125
96
-8
101
100
-48
-40
-60
-116
-59
-113
56
-105
41
22
-63
-99
-50
-66
90
-59
-101
-64
-112
-128
-89
-71
-128
-127
126
127
-33
-121
-17
-127
94
-98
49
20
-118
55
-105
-110
-37
21
-4
-117
93
-40
-78
-7
62
-9
-65
-128
-32
-121
-121
71
-24
-4
-4
36
-3
36
-80
106
101
-68
-66
-128
-61
-1
-128
-128
-13
-125
-122
-114
-100
-128
-96
-121
-95
-127
91
33
-49
-26
-57
102
-23
30
11
66
-69
-43
44
-65
73
-28
29
-4
-32
-65
-121
127
-61
-100
-34
109
-94
-128
126
-122
-49
-124
-94
-23
-41
-104
-102
-91
-127
-16
-65
-113
-126
-64
-128
-121
64
-125
-43
-109
-65
64
-65
-67
126
109
-10
-126
-60
-3
-71
-16
-112
-78
112
95
-4
-121
-125
-128
-128
-128
-52
102
-50
103
-54
103
-62
100
-63
98
-99
94
-128
93
103
17
-126
-4
-4
-127
-106
112
127
113
19
69
41
36
53
-27
10
42
37
53
38
38
-43
23
41
20
45
-24
35
-19
-45
79
126
12
35
90
21
-37
42
-34
43
33
37
-125
-33
-25
-128
-105
21
-18
-51
82
-42
-85
28
113
-76
69
-118
-19
38
-85
-107
-107
69
50
-53
34
18
110
42
53
74
-27
85
12
-19
-30
-2
-70
123
27
-125
-1
102
98
35
-88
-21
70
10
42
45
45
42
90
40
7
-43
-93
-11
-90
87
1
-63
-76
26
-43
-121
-38
40
-99
52
-44
82
106
43
-71
37
42
42
53
-99
-93
-79
-76
-111
-74
-119
-86
-11
-93
-125
-126
81
119
-37
-110
-97
106
42
61
42
43
-91
23
26
54
21
53
37
21
85
73
21
-14
44
-3
-35
68
56
57
-84
90
-43
-19
85
34
58
-44
122
-6
-47
-3
-128
86
-115
5
-93
57
47
-81
25
35
-25
107
-116
-88
43
-37
-124
-10
58
-36
37
62
58
-54
85
-83
53
34
-86
-114
-50
-77
-128
88
-115
63
-97
0
-125
-26
111
-3
103
-24
79
-44
40
52
42
-23
21
97
42
12
-82
124
-71
-67
-103
-65
-65
105
-110
-25
-40
-64
-56
-42
34
-87
11
-43
49
115
20
-28
-42
-2
-75
-1
-123
-8
-65
-65
-4
-65
-121
-64
65
125
-113
-63
0
-128
26
-96
74
-43
42
76
84
106
-110
60
123
-29
50
95
40
-28
127
117
-3
71
-4
-98
-113
7
-121
-109
94
-67
-128
-1
-1
-113
-128
96
-128
-128
-128
97
-125
-128
-122
-127
-128
-128
-65
-128
-128
-101
-121
-128
78
-112
65
-72
68
-101
-79
8
-5
121
-32
16
-82
-113
-128
103
-72
125
-127
0
-81
-128
-16
-96
-1
124
-128
127
-128
-123
-67
-18
-36
123
-88
11
-50
-128
-1
-120
-128
120
127
99
-125
-46
72
58
100
100
121
18
91
-24
118
77
-80
-40
-92
94
-33
96
-2
-128
64
126
-128
63
-125
116
-114
-1
-72
24
-121
-91
-128
-55
-86
41
-27
114
61
97
96
-94
-96
-28
-13
-95
-61
-80
-75
-72
-66
103
-64
126
64
127
-97
-22
-114
-19
86
-6
0
-86
124
112
-65
-67
127
-128
64
112
-116
-113
-1
-113
-89
-90
-125
-2
127
101
-71
-38
-99
-12
-46
-9
-40
105
84
78
-5
-26
120
-45
34
-24
-65
-97
125
112
49
124
127
-33
67
92
114
-66
-68
-89
-128
-43
-79
-57
-41
-11
88
118
-108
-16
110
31
-128
24
-16
-128
-113
119
59
-112
117
-127
-64
26
-43
8
-49
5
-96
22
-35
21
96
-1
-98
-81
-125
-55
-115
-109
-65
120
-122
-72
-127
-119
-1
-97
-65
29
-43
24
-92
59
74
-57
11
93
119
92
111
86
77
-42
-127
-8
-4
-18
-49
-87
127
-128
-68
124
125
109
127
-124
70
37
-15
-113
-128
-109
-124
-128
-16
-121
-128
-60
-125
125
-128
-10
-61
126
-1
44
-47
41
-20
-27
98
6
2
117
-117
-37
-118
25
26
88
-88
-58
-128
-128
127
-123
-1
-1
-1
124
-94
-126
115
-122
-65
88
-127
-128
-3
-38
-45
-98
125
-63
-69
70
-116
99
-16
-128
115
-114
64
-104
-84
20
-75
101
63
-83
-123
-22
11
20
-80
-26
-85
-39
35
-61
-128
2
-1
-15
-116
-89
-64
-80
123
-109
-101
1
0
96
-127
82
-85
-41
85
-45
-111
-117
68
-14
-116
2
3
-108
-80
99
65
-4
-114
-123
127
-71
-99
-63
-128
-9
-33
90
19
-40
-17
110
47
-65
-20
-16
-128
127
-121
-111
-65
-124
-127
-128
-1
-65
-116
-64
-128
-42
40
56
16
48
-17
38
32
-101
43
122
-106
-112
-57
95
85
-79
54
-128
67
94
-128
124
-74
-100
-128
-2
124
-128
70
-1
-124
-38
-95
-128
116
-115
-39
-42
55
-97
-127
64
-97
-16
-128
-113
-128
-95
-64
43
76
6
20
93
-68
-13
120
21
-96
57
124
99
118
-65
-72
127
-128
-128
78
-128
127
-128
-128
-128
-128
-1
-8
-65
-113
99
-43
108
-44
31
78
-72
41
-45
-7
72
41
-5
-74
-8
-120
-80
-33
-128
-1
-128
-7
-120
-65
-27
58
-1
-40
101
35
122
-40
-65
64
94
-104
30
64
33
-121
-127
-40
-117
64
113
-50
-121
17
25
38
-94
-5
123
-77
-23
18
116
37
43
-19
109
27
45
37
-9
-127
-16
-113
-34
-128
-108
-128
-121
-127
-5
-37
-127
-109
-61
-115
-2
57
36
21
-87
17
35
80
11
89
-128
70
69
-101
0
-23
-45
82
-39
-60
54
23
-14
34
-54
-37
42
8
29
50
39
-81
-55
122
103
15
-110
-13
40
81
124
-34
69
-80
-81
-105
101
63
-43
-43
37
45
20
86
21
43
42
57
36
42
95
-43
-38
18
-9
123
-113
-97
-76
-33
65
-125
53
21
-71
42
87
41
84
41
-48
125
-71
-106
57
106
-86
-31
-74
-43
63
20
22
-70
-32
-79
42
6
26
-22
-22
46
35
41
69
45
44
85
-41
21
41
42
-21
-121
-50
-126
-120
-57
-116
-72
-128
-125
-27
-52
-120
-70
70
104
41
37
49
75
42
42
58
85
-128
-127
-97
-128
-98
