2
2
2
1
2
2
2
2
2
2
1
2
2
2
2
2
2
2
2
2
1
1
2
1
2
2
2
1
2
2
1
2
1
2
2
1
2
2
2
2
1
1
1
2
2
2
2
2
2
2
1
2
2
2
2
2
2
2
1
2
2
2
2
1
2
2
2
1
2
2
2
2
2
2
1
2
2
2
2
2
2
2
1
2
2
2
2
2
2
2
1
2
2
2
2
2
2
2
1
2
2
2
2
2
2
2
2
2
2
2
2
2
1
2
2
2
2
1
2
2
2
2
2
2
2
2
2
2
2
2
2
2
2
2
2
2
2
2
2
2
2
2
2
2
2
2
2
2
2
2
2
2
1
2
2
1
2
2
1
2
2
2
2
1
2
2
1
1
2
1
2
2
2
2
2
2
1
2
2
1
2
2
2
2
2
2
2
1
2
2
1
2
2
2
2
2
1
2
2
2
1
2
2
2
2
2
1
2
2
2
2
2
1
1
2
2
2
2
2
2
2
2
2
2
2
2
2
2
2
2
2
2
2
2
2
1
1
1
2
2
2
2
2
2
2
2
2
2
2
2
1
1
2
2
2
2
2
1
2
2
2
2
2
2
1
2
2
2
2
1
2
1
2
2
2
2
2
2
1
2
2
2
2
2
1
2
2
2
2
2
2
2
2
2
2
2
2
1
1
2
1
2
1
2
2
2
1
1
1
2
2
2
2
2
2
2
2
2
1
2
2
2
2
2
2
2
2
2
1
2
1
2
2
1
2
2
1
2
2
2
2
2
2
2
2
2
2
2
2
2
2
2
-128
-128
-128
-128
-128
-128
-128
-128
-94
-128
-31
-128
58
-128
55
-128
-128
-128
-128
-128
-128
-128
-128
-128
112
127
-128
-128
-124
-128
-128
-128
2
2
2
1
2
1
2
1
2
2
2
2
2
2
2
2
2
2
2
1
2
2
2
2
2
1
2
2
2
2
2
2
2
2
2
2
2
2
1
1
2
1
2
2
2
2
2
1
1
1
2
2
2
2
1
2
2
1
2
2
1
2
2
2
2
2
2
1
2
2
1
2
2
1
2
2
2
2
2
2
2
2
2
2
1
2
2
2
1
2
1
2
2
1
2
1
2
1
2
1
2
2
2
1
1
2
2
1
2
2
2
1
2
2
2
2
2
2
1
2
1
2
1
2
1
2
1
2
2
2
1
2
2
2
1
2
2
2
2
2
2
2
2
2
2
2
2
2
2
2
2
2
1
2
2
2
2
2
2
2
2
2
1
1
2
1
2
1
2
2
2
2
2
2
1
2
2
1
2
2
2
2
2
2
2
2
1
2
2
2
2
2
2
2
2
2
2
2
2
2
1
1
2
1
2
1
2
2
2
1
2
2
2
2
2
2
1
1
2
2
1
2
2
1
2
2
2
1
2
2
2
2
2
2
2
2
2
2
2
2
2
1
2
2
2
2
1
2
2
2
2
2
2
2
2
1
2
2
2
2
1
2
2
1
2
2
2
1
2
1
2
2
2
2
2
2
2
2
2
1
2
1
2
2
2
1
1
1
1
2
2
2
2
2
2
2
1
2
1
2
1
2
2
2
2
2
2
2
2
2
1
2
2
1
1
2
2
2
2
2
2
2
2
2
2
2
2
2
1
2
2
2
2
2
2
2
1
1
1
2
2
2
2
2
1
1
2
2
2
1
2
2
1
1
1
2
2
2
2
2
2
2
2
2
1
2
2
1
2
1
2
2
2
1
1
2
2
1
2
2
2
2
1
2
2
1
2
2
2
2
2
2
1
2
2
2
1
1
2
2
1
2
1
2
2
1
2
2
1
2
2
2
1
2
2
2
2
1
2
2
2
2
2
2
2
2
1
2
2
2
1
1
1
2
2
1
2
2
1
2
2
2
2
2
1
1
2
1
2
1
2
2
2
2
2
2
2
2
2
2
2
1
2
1
2
2
2
2
2
1
2
2
1
2
2
2
2
2
2
2
1
2
2
2
2
2
2
2
2
1
2
2
2
2
2
1
2
2
2
2
1
1
2
1
2
2
2
2
2
2
1
1
2
2
2
1
2
1
1
2
2
2
2
1
1
1
1
2
1
1
2
2
2
2
2
2
1
2
2
1
2
2
1
2
2
2
2
2
2
2
1
2
2
2
2
2
2
2
2
2
1
1
2
2
1
2
2
2
2
1
2
2
2
2
2
2
1
2
2
2
2
2
2
2
2
2
2
2
2
1
2
1
2
2
2
2
2
1
2
2
2
1
2
2
2
2
2
2
2
2
2
1
2
2
1
1
-128
-128
-128
-128
-127
-61
-125
-50
-122
-51
-120
-57
-118
-65
-117
-65
-95
-128
-38
-128
17
-128
59
-128
84
-128
97
-128
103
-128
105
-128
105
-128
20
-128
62
-128
87
-128
99
-128
103
-128
105
-85
105
-52
103
-49
100
-53
97
-60
94
-62
93
-90
93
-128
83
-128
35
-128
-24
-128
-68
-128
-100
-128
-117
-128
-125
-128
-127
-89
-128
-53
-126
-49
-125
-53
-122
-61
-120
-63
-119
-84
-118
-128
-94
-128
-36
-128
22
-128
62
-128
85
-128
97
-128
103
-128
104
-94
105
-53
103
-49
100
-52
97
-60
94
-62
94
-78
94
-128
85
-128
40
-128
-21
-128
-71
-128
-100
-128
-115
-128
-124
-128
-128
-97
-128
-52
-128
-48
-125
-52
-122
-59
-120
-63
-120
-75
-118
-128
-97
-128
-42
-128
17
-128
61
-128
86
-128
97
-128
102
-128
104
-101
105
-55
103
-49
101
-52
98
-58
95
-62
94
-70
94
-128
85
-128
44
-128
-16
-128
-65
-128
-99
-128
-117
-128
-124
-128
-128
-109
-128
-56
-128
-49
-126
-51
-123
-57
-120
-63
-119
-67
-119
-128
-99
-128
-44
-128
12
-128
56
-128
83
-128
97
-128
103
-128
103
-117
104
-57
102
-50
99
-51
97
-58
93
-63
93
-65
92
-128
86
-128
43
-128
-15
-128
-62
-128
-95
-128
-114
-128
-123
-128
-128
-123
-128
-57
-127
-48
-125
-50
-123
-58
-121
-63
-120
-64
-118
-128
-102
-128
-48
-128
11
-128
55
-128
79
-128
94
-128
101
-128
103
-128
104
-59
102
-50
100
-51
96
-57
93
-63
92
-63
91
-128
86
-128
51
-128
-10
-128
-62
-128
-94
-128
-112
-128
-122
-128
-127
-128
-128
-61
-128
-50
-126
-50
-123
-56
-120
-63
-119
-64
-119
-128
-103
-128
-54
-128
1
-128
49
-128
79
-128
93
-128
100
-128
102
-128
103
-63
103
-50
100
-49
97
-56
94
-63
93
-62
92
-128
88
-128
52
-128
-5
-128
-51
-128
-91
-128
-112
-128
-122
-128
-126
-128
-128
-64
-128
-49
-126
-48
-123
-56
-120
-64
-119
-64
-119
-128
-105
-128
-54
-128
3
-128
48
-128
74
-128
92
-128
100
-128
103
-128
103
-67
102
-50
100
-48
97
-56
94
-63
93
-63
92
-128
88
-128
52
-128
-6
-128
-56
-128
-90
-128
-107
-128
-120
-128
-126
-128
-128
-71
-127
-50
-125
-49
-122
-55
-120
-63
-120
-63
-119
-124
-106
-128
-57
-128
4
-128
51
-128
77
-128
92
-128
98
-128
102
-128
103
-74
103
-50
101
-49
97
-54
94
-62
93
-63
93
-115
90
-128
59
-128
-1
-128
-55
-128
-91
-128
-110
-128
-120
-128
-124
-128
-127
-76
-127
-50
-125
-49
-123
-54
-120
-63
-119
-64
-118
-106
-109
-128
-62
-128
-4
-128
47
-128
77
-128
94
-128
101
-128
103
-128
104
-81
103
-53
101
-49
98
-54
94
-62
93
-63
93
-97
90
-128
59
-128
1
-128
-49
-128
-88
-128
-110
-128
-121
-128
-126
-128
-127
-86
-126
-52
-125
-49
-123
-53
-120
-61
-119
-63
-119
-88
-110
-128
-63
-128
-2
-128
45
-128
74
-128
91
-128
99
-128
103
-128
104
-90
103
-53
101
-49
98
-52
95
-60
94
-62
93
-81
91
-128
63
-128
5
-128
-51
-128
-88
-128
-107
-128
-120
-128
-126
-128
-128
-95
-127
-52
-125
-48
-122
-52
-120
-60
-120
-64
-119
-77
-111
-128
-68
-128
-8
-128
43
-128
76
-128
92
-128
99
-128
102
-128
104
-100
103
-54
101
-49
98
-52
95
-59
93
-63
93
-70
92
-128
66
-128
10
-128
-45
-128
-86
-128
-110
-128
-121
-128
-125
-128
-127
-107
-128
-55
-126
-49
-123
-51
-120
-59
-119
-62
-118
-67
-112
-128
-71
-128
-12
-128
39
-128
72
-128
91
-128
100
-128
103
-128
103
-116
103
-56
102
-49
99
-51
95
-57
93
-63
93
-65
93
-128
68
-128
13
-128
-40
-128
-82
-128
-107
-128
-120
-128
-126
-128
-128
-124
-128
-57
-126
-49
-124
-50
-121
-57
-119
-64
-118
-64
-113
-128
-75
-128
-14
-128
37
-128
71
-128
91
-128
100
-128
103
-128
105
-128
104
-60
101
-50
99
-50
95
-57
93
-63
93
-63
92
-128
71
-128
16
-128
-40
-128
-81
-128
-104
-128
-118
-128
-124
-128
-128
-128
-128
-62
-126
-49
-124
-50
-121
-56
-120
-63
-119
-62
-114
-128
-79
-128
-23
-128
33
-128
70
-128
89
-128
98
-128
102
-128
104
-128
104
-64
102
-49
99
-49
96
-55
94
-63
94
-63
93
-128
73
-128
23
-128
-29
-128
-77
-128
-105
-128
-118
-128
-124
-128
-127
-128
-128
-65
-126
-48
-124
-49
-121
-55
-119
-63
-118
-63
-115
-128
-80
-128
-22
-128
29
-128
64
-128
87
-128
99
-128
102
-128
103
-128
103
-68
102
-50
99
-49
96
-54
94
-62
93
-63
93
-126
74
-128
21
-128
-34
-128
-76
-128
-100
-128
-116
-128
-124
-128
-127
-128
-128
-73
-126
-50
-124
-49
-121
-54
-120
-62
-119
-63
-116
-115
-83
-128
-23
-128
31
-128
67
-128
86
-128
95
-128
101
-128
104
-128
104
-77
102
-51
100
-48
97
-54
94
-62
94
-63
94
-104
76
-128
25
-128
-34
-128
-78
-128
-103
-128
-116
-128
-122
-128
-127
-128
-128
-81
-126
-50
-124
-48
-121
-53
-120
-62
-119
-63
-117
-95
-86
-128
-28
-128
28
-128
67
-128
-128
-123
-128
-128
-128
-128
-128
-128
-65
-125
-50
-122
-50
-121
-56
-120
-64
-118
-63
-97
-128
-47
-128
13
-128
59
-128
82
-128
95
-128
101
-128
103
-128
105
-128
104
-68
101
-51
98
-50
94
-56
94
-63
93
-63
86
-128
46
-128
-8
-128
-62
-128
-97
-128
-114
-128
-122
-128
-126
-128
-128
-128
-128
-70
-126
-50
-123
-49
-120
-55
-119
-64
-119
-64
-100
-123
-46
-128
9
-128
51
-128
80
-128
95
-128
101
-128
103
-128
105
-128
103
-75
101
-51
98
-49
95
-55
94
-63
93
-64
87
-111
46
-128
-12
-128
-60
-128
-91
-128
-112
-128
-123
-128
-127
-128
-128
-128
-127
-80
-126
-51
-123
-49
-121
-54
-119
-62
-118
-63
-101
-101
-46
-128
12
-128
55
-128
79
-128
93
-128
100
-128
103
-128
104
-128
103
-84
101
-52
98
-49
95
-54
94
-62
94
-63
88
-92
49
-128
-12
-128
-62
-128
-94
-128
-111
-128
-120
-128
-126
-128
-128
-128
-128
-88
-125
-51
-122
-49
-120
-54
-119
-61
-119
-64
-103
-85
-53
-128
7
-128
54
-128
82
-128
95
-128
101
-128
103
-128
105
-128
103
-93
101
-54
98
-50
94
-53
93
-60
93
-63
88
-78
50
-128
-7
-128
-60
-128
-95
-128
-113
-128
-122
-128
-126
-128
-127
-128
-127
-100
-126
-55
-123
-49
-120
-52
-119
-59
-119
-63
-104
-72
-50
-128
7
-128
51
-128
79
-128
94
-128
101
-128
103
-128
104
-128
103
-107
101
-56
98
-51
95
-52
94
-59
93
-63
89
-68
53
-128
-9
-128
-60
-128
-92
-128
-112
-128
-123
-128
-127
-128
-128
-128
-127
-114
-125
-56
-123
-49
-121
-51
-120
-58
-118
-64
-105
-66
-56
-128
5
-128
54
-128
80
-128
94
-128
101
-128
103
-128
104
-128
103
-121
101
-58
98
-50
94
-51
93
-58
94
-63
90
-64
55
-128
-4
-128
-59
-128
-95
-128
-113
-128
-121
-128
-126
-128
-128
-128
-128
-128
-126
-60
-123
-50
-120
-50
-119
-57
-119
-64
-106
-63
-59
-128
1
-128
50
-128
78
-128
94
-128
101
-128
103
-128
104
-128
103
-128
101
-62
98
-51
95
-50
93
-56
93
-63
90
-63
57
-128
1
-128
-53
-128
-91
-128
-111
-128
-122
-128
-126
-128
-128
-128
-127
-128
-126
-64
-123
-49
-120
-49
-119
-56
-118
-64
-108
-63
-61
-128
-1
-128
47
-128
77
-128
94
-128
101
-128
104
-128
105
-128
104
-128
101
-67
98
-50
94
-50
93
-55
93
-63
90
-62
58
-128
0
-128
-52
-128
-88
-128
-109
-128
-121
-128
-126
-128
-128
-128
-128
-128
-126
-70
-123
-51
-121
-49
-120
-56
-119
-63
-109
-63
-66
-126
-5
-128
44
-128
71
-128
86
-128
93
-128
95
-128
99
-128
101
-128
100
-73
100
-51
98
-49
98
-55
98
-63
95
-63
65
-116
11
-128
-48
-128
-88
-128
-108
-128
-119
-128
-124
-128
-127
-128
-127
-128
-126
-77
-123
-49
-120
-48
-119
-54
-119
-63
-110
-64
-63
-107
-6
-128
39
-128
73
-128
92
-128
100
-128
103
-128
103
-128
103
-128
101
-82
98
-52
95
-49
94
-54
93
-62
91
-63
62
-96
6
-128
-47
-128
-82
-128
-106
-128
-120
-128
-125
-128
-127
-128
-127
-128
-125
-86
-123
-52
-120
-50
-120
-54
-119
-61
-111
-63
-67
-88
-6
-128
43
-128
73
-128
89
-128
98
-128
101
-128
102
-128
101
-128
99
-92
97
-54
93
-50
93
-52
93
-60
92
-63
64
-81
5
-128
-49
-128
-85
-128
-107
-128
-118
-128
-124
-128
-127
-128
-127
-128
-125
-96
-122
-53
-120
-49
-119
-53
-118
-60
-112
-64
-71
-75
-10
-128
42
-128
74
-128
91
-128
100
-128
102
-128
104
-128
103
-128
101
-103
98
-55
94
-49
92
-52
92
-59
91
-64
65
-71
9
-128
-47
-128
-87
-128
-108
-128
-120
-128
-125
-128
-126
-128
-127
-128
-126
-111
-123
-56
-119
-50
-119
-52
-119
-58
-112
-64
-68
-67
-8
-128
40
-128
73
-128
91
-128
99
-128
101
-128
102
-128
102
-128
101
-119
99
-58
94
-50
93
-51
93
-58
92
-64
66
-65
8
-128
-44
-128
-82
-128
-107
-128
-120
-128
-125
-128
-127
-128
-127
-128
-125
-127
-123
-58
-120
-49
-119
-50
-118
-58
-112
-64
-71
-64
-10
-128
43
-128
73
-128
91
-128
100
-128
103
-128
104
-128
103
-128
101
-128
99
-61
94
-51
93
-51
93
-57
92
-63
68
-63
11
-128
-46
-128
-87
-128
-108
-128
-119
-128
-125
-128
-128
-128
-128
-128
-126
-128
-123
-63
-120
-50
-119
-50
-119
-56
-113
-63
-73
-63
-14
-128
39
-128
73
-128
92
-128
99
-128
103
-128
103
-128
104
-128
101
-128
99
-64
95
-50
93
-50
93
-56
92
-64
69
-63
16
-128
-41
-128
-82
-128
-107
-128
-120
-128
-125
-128
-128
-128
-128
-128
-126
-128
-124
-66
-120
-49
-119
-49
-118
-56
-113
-64
-74
-64
-15
-128
36
-128
71
-128
91
-128
101
-128
104
-128
105
-128
104
-128
102
-128
99
-70
95
-51
93
-49
93
-55
91
-64
69
-63
13
-126
-40
-128
-79
-128
-105
-128
-118
-128
-125
-128
-128
-128
-128
-128
-126
-128
-123
-81
-121
-60
-119
-56
-119
-55
-113
-58
-78
-58
-17
-116
38
-128
71
-128
89
-128
98
-128
102
-128
103
-128
104
-128
102
-49
-119
-50
-116
-58
-82
-63
-23
-66
28
-128
66
-128
87
-128
97
-128
102
-128
103
-128
104
-128
103
-128
101
-119
97
-57
95
-49
94
-50
93
-57
75
-63
21
-64
-35
-128
-76
-128
-103
-128
-118
-128
-125
-128
-127
-128
-127
-128
-126
-128
-124
-128
-121
-58
-119
-47
-118
-49
-116
-56
-84
-63
-24
-64
32
-128
68
-128
87
-128
98
-128
102
-128
103
-128
103
-128
101
-128
99
-128
96
-60
93
-50
93
-50
93
-57
76
-63
25
-65
-34
-128
-80
-128
-104
-128
-116
-128
-124
-128
-128
-128
-128
-128
-126
-128
-124
-128
-121
-61
-119
-49
-119
-49
-117
-57
-87
-64
-29
-64
27
-128
67
-128
89
-128
98
-128
102
-128
103
-128
103
-128
102
-128
100
-128
96
-65
94
-51
93
-50
93
-56
78
-63
30
-63
-28
-128
-75
-128
-103
-128
-119
-128
-125
-128
-128
-128
-128
-128
-127
-128
-124
-128
-121
-66
-119
-50
-118
-49
-116
-56
-88
-64
-31
-64
24
-128
63
-128
87
-128
98
-128
104
-128
105
-128
104
-128
102
-128
99
-128
96
-70
93
-50
93
-50
92
-55
78
-64
29
-64
-28
-128
-71
-128
-99
-128
-116
-128
-124
-128
-128
-128
-128
-128
-126
-128
-125
-128
-121
-74
-120
-51
-119
-50
-117
-54
-91
-63
-33
-64
25
-116
62
-128
85
-128
96
-128
101
-128
103
-128
104
-128
102
-128
100
-128
96
-79
94
-52
93
-50
93
-55
81
-63
39
-63
-23
-105
-72
-128
-99
-128
-115
-128
-123
-128
-127
-128
-128
-128
-127
-128
-125
-128
-121
-83
-119
-51
-119
-50
-117
-55
-94
-63
-37
-64
15
-97
59
-128
85
-128
96
-128
101
-128
103
-128
104
-128
103
-128
100
-128
97
-87
94
-53
93
-50
93
-54
82
-63
37
-65
-20
-89
-63
-128
-97
-128
-116
-128
-123
-128
-127
-128
-128
-128
-126
-128
-124
-128
-122
-96
-120
-55
-119
-51
-118
-54
-94
-63
-37
-66
18
-82
58
-128
79
-128
95
-128
101
-128
103
-128
103
-128
102
-128
100
-128
96
-99
93
-55
93
-51
92
-54
83
-62
38
-67
-21
-77
-66
-128
-95
-128
-111
-128
-122
-128
-127
-128
-128
-128
-126
-128
-124
-128
-121
-107
-120
-56
-118
-51
-117
-54
-98
-63
-43
-66
15
-72
58
-128
82
-128
94
-128
100
-128
103
-128
104
-128
103
-128
100
-128
96
-113
93
-59
92
-52
91
-53
84
-60
44
-65
-17
-68
-66
-128
-98
-128
-114
-128
-121
-128
-125
-128
-127
-128
-126
-128
-124
-128
-121
-122
-119
-59
-119
-52
-118
-53
-98
-60
-45
-65
10
-65
55
-128
80
-128
94
-128
100
-128
102
-128
103
-128
102
-128
99
-128
96
-128
93
-60
92
-51
91
-52
85
-58
45
-64
-14
-64
-61
-128
-95
-128
-114
-128
-122
-128
-126
-128
-127
-128
-125
-128
-124
-128
-121
-128
-119
-60
-118
-49
-117
-49
-102
-58
-49
-65
10
-65
53
-128
77
-128
93
-128
99
-128
102
-128
103
-128
101
-128
98
-128
95
-128
92
-64
91
-51
91
-51
86
-57
49
-64
-12
-64
-63
-128
-94
-128
-111
-128
-120
-128
-126
-128
-127
-128
-126
-128
-124
-128
-121
-128
-119
-65
-119
-50
-118
-49
-103
-56
-53
-63
6
-63
53
-128
80
-128
94
-128
99
-128
101
-128
102
-128
101
-128
99
-128
95
-128
91
-67
90
-50
90
-49
87
-55
53
-62
-6
-62
-58
-128
-93
-128
-113
-128
-121
-128
-125
-128
-127
-128
-126
-128
-124
-128
-121
-128
-118
-68
-117
-49
-117
-48
-105
-54
-57
-63
1
-63
48
-123
77
-128
94
-128
101
-128
103
-128
103
-128
102
-128
99
-128
96
-128
92
-72
91
-50
91
-48
88
-54
53
-61
-2
-62
-52
-114
-89
-128
-109
-128
-121
-128
-125
-128
-127
-128
-126
-128
-124
-128
-121
-128
-119
-76
-118
-49
-117
-48
-105
-53
-59
-61
2
-62
48
-104
75
-128
91
-128
99
-128
102
-128
103
-128
102
-128
99
-128
96
-128
93
-81
93
-50
92
-48
89
-53
61
-60
2
-62
-53
-96
-88
-128
-108
-128
-119
-128
-124
-128
-127
-128
-127
-128
-125
-128
-121
-128
-119
-84
-118
-49
-118
-46
-107
-51
-63
-60
-8
-62
44
-89
75
-128
92
-128
99
-128
102
-128
103
-128
103
-128
101
-128
98
-128
94
-88
93
-51
93
-48
90
-52
61
-59
5
-61
-42
-82
-84
-128
-108
-128
-119
-128
-123
-128
-127
-128
-126
-128
-125
-128
-123
-128
-119
-93
-119
-52
-118
-47
-109
-51
-63
-58
-5
-61
41
-75
70
-128
90
-128
99
-128
102
-128
103
-128
103
-128
101
-128
99
-128
94
-98
94
-53
93
-48
91
-50
62
-57
4
-62
-46
-70
-83
-128
-103
-128
-118
-128
-125
-128
-127
-128
-126
-128
-124
-128
-122
-128
-120
-105
-119
-53
-118
-47
-111
-50
-69
-57
-7
-63
43
-68
74
-128
91
-128
99
-128
103
-128
105
-128
104
-128
102
-128
99
-128
95
-112
93
-56
93
-49
91
-50
66
-56
9
-62
-47
-64
-86
-128
-107
-128
-118
-128
-123
-128
-127
-128
-127
-128
-125
-128
-122
-128
-119
-121
-119
-57
-119
-48
-112
-49
-70
-56
-11
-62
41
-63
73
-128
92
-128
99
-128
102
-128
103
-128
103
-128
102
-128
99
-128
96
-128
94
-58
93
-49
93
-49
67
-56
12
92
-54
73
-50
21
-53
-36
-60
-78
-63
-102
-79
-115
-128
-123
-128
-128
-128
-128
-128
-127
-128
-124
-128
-121
-128
-120
-128
-120
-97
-117
-128
-128
-128
-126
-128
-125
-128
-121
-128
-120
-82
-119
-52
-115
-49
-81
-54
-21
-62
31
-63
67
-94
89
-128
99
-128
103
-128
105
-128
105
-128
103
-128
101
-128
97
-128
95
-87
94
-53
94
-50
77
-53
25
-61
-35
-63
-76
-87
-102
-128
-117
-128
-124
-128
-128
-128
-128
-128
-127
-128
-125
-128
-121
-128
-121
-92
-119
-52
-117
-49
-85
-52
-30
-61
29
-63
68
-80
89
-128
99
-128
103
-128
105
-128
106
-128
104
-128
101
-128
98
-128
95
-98
95
-55
94
-49
78
-52
29
-60
-25
-63
-73
-73
-103
-128
-117
-128
-124
-128
-127
-128
-128
-128
-127
-128
-125
-128
-122
-128
-120
-106
-120
-56
-118
-50
-87
-52
-28
-59
25
-64
61
-69
87
-128
99
-128
104
-128
105
-128
106
-128
104
-128
101
-128
98
-128
95
-114
95
-57
94
-50
79
-52
29
-58
-28
-64
-72
-66
-98
-128
-116
-128
-125
-128
-128
-128
-128
-128
-127
-128
-125
-128
-122
-128
-120
-122
-120
-57
-117
-49
-90
-51
-30
-58
26
-65
65
-65
87
-128
98
-128
104
-128
106
-128
106
-128
105
-128
101
-128
98
-128
95
-128
95
-60
95
-50
81
-51
32
-57
-28
-63
-73
-64
-101
-128
-116
-128
-123
-128
-128
-128
-128
-128
-127
-128
-125
-128
-122
-128
-120
-128
-120
-61
-119
-50
-92
-50
-34
-56
24
-64
65
-63
87
-128
98
-128
103
-128
104
-128
105
-128
104
-128
102
-128
98
-128
96
-128
95
-63
95
-50
83
-50
36
-57
-22
-63
-70
-62
-101
-128
-118
-128
-124
-128
-127
-128
-128
-128
-127
-128
-126
-128
-123
-128
-121
-128
-120
-64
-119
-49
-94
-49
-34
-56
22
-64
62
-63
87
-128
98
-128
103
-128
105
-128
105
-128
104
-128
102
-128
98
-128
96
-128
95
-68
95
-50
85
-49
38
-56
-24
-63
-70
-63
-99
-128
-116
-128
-125
-128
-128
-128
-128
-128
-127
-128
-125
-128
-123
-128
-122
-128
-120
-71
-119
-50
-96
-49
-38
-55
21
-63
64
-63
87
-123
97
-128
103
-128
105
-128
105
-128
104
-128
102
-128
99
-128
95
-128
94
-74
95
-50
86
-49
41
-54
-20
-62
-70
-63
-101
-114
-117
-128
-124
-128
-128
-128
-128
-128
-128
-128
-126
-128
-123
-128
-120
-128
-119
-76
-119
-49
-98
-48
-44
-54
15
-63
59
-63
86
-105
99
-128
104
-128
105
-128
105
-128
105
-128
101
-128
98
-128
95
-128
94
-81
94
-52
86
-49
44
-53
-15
-62
-63
-62
-98
-96
-116
-128
-125
-128
-128
-128
-128
-128
-128
-128
-126
-128
-123
-128
-121
-128
-120
-84
-119
-51
-100
-48
-43
-53
13
-60
55
-62
82
-91
96
-128
103
-128
105
-128
106
-128
104
-128
101
-128
99
-128
96
-128
94
-88
94
-53
88
-49
47
-52
-14
-60
-62
-62
-95
-84
-113
-128
-123
-128
-128
-128
-128
-128
-128
-128
-126
-128
-124
-128
-121
-128
-120
-91
-120
-51
-102
-48
-54
-51
8
-61
56
-62
82
-80
95
-128
102
-128
104
-128
106
-128
104
-128
102
-128
99
-128
95
-128
95
-96
95
-53
89
-49
50
-51
-4
-59
-60
-62
-96
-74
-113
-128
-123
-128
-127
-128
-128
-128
-128
-128
-127
-128
-124
-128
-121
-128
-120
-100
-120
-54
-104
-48
-52
-51
5
-58
48
-63
79
-72
96
-128
102
-128
104
-128
105
-128
104
-128
102
-128
99
-128
96
-128
95
-108
94
-57
90
-50
52
-52
-6
-59
-56
-64
-88
-70
-111
-128
-123
-128
-127
-128
-128
-128
-128
-128
-126
-128
-124
-128
-122
-128
-120
-112
-119
-56
-106
-50
-56
-53
4
-60
51
-65
78
-68
93
-128
102
-128
105
-128
106
-128
105
-128
102
-128
99
-128
95
-128
94
-119
94
-59
90
-51
54
-52
-6
-59
-58
-64
-92
-66
-111
-128
-120
-128
-126
-128
-128
-128
-128
-128
-127
-128
-124
-128
-121
-128
-121
-123
-121
-59
-108
-51
-59
-51
2
-58
51
-64
78
-65
94
-128
101
-128
103
-128
105
-128
104
-128
102
-128
99
-128
95
-128
95
-128
95
-60
92
-51
59
-52
1
-57
-54
-63
-91
-64
-112
-128
-122
-128
-126
-128
-128
-128
-128
-128
-126
-128
-124
-128
-121
-128
-120
-128
-120
-60
-110
-49
-61
-50
-1
-57
45
-64
76
-64
94
-128
101
-128
103
-128
104
-128
104
-128
101
-128
99
-128
95
-128
94
-128
94
-62
91
-50
60
-51
-2
-57
-53
-63
-88
-63
-111
-128
-122
-128
-127
-128
-128
-128
-128
-128
-126
-128
-124
-128
-121
-128
-120
-128
-119
-64
-111
-50
-64
-50
-2
-57
49
-64
76
-64
93
-128
101
-128
103
-128
105
-128
104
-128
101
-128
99
-128
95
-128
94
-128
94
-65
92
-50
64
-50
5
-56
-50
-63
-91
-62
-111
-128
-121
-128
-126
-128
-128
-128
-128
-128
-126
-128
-124
-128
-121
-128
-120
-128
-119
-65
-112
-49
-70
-49
-9
-56
43
-63
76
-63
94
-128
101
-128
104
-128
105
-128
104
-128
101
-128
98
-128
95
-128
93
-128
93
-68
91
-51
66
-50
11
-55
-44
-62
-84
-63
-109
-128
-122
-128
-127
-128
-128
-128
-128
-128
-127
-128
-125
-128
-53
31
-60
68
-64
88
-76
97
-128
101
-128
103
-128
103
-128
102
-128
99
-128
96
-128
94
-128
93
-103
93
-55
77
-50
28
-52
-31
-59
-77
-62
-103
-70
-117
-128
-123
-128
-126
-128
-127
-128
-127
-128
-125
-128
-121
-128
-120
-128
-119
-108
-117
-54
-85
-49
-26
-51
26
-59
66
-64
88
-68
98
-128
102
-128
103
-128
103
-128
102
-128
99
-128
96
-128
94
-128
93
-115
93
-57
77
-50
26
-50
-31
-58
-74
-63
-102
-65
-117
-128
-124
-128
-127
-128
-128
-128
-126
-128
-124
-128
-121
-128
-120
-128
-118
-123
-117
-58
-87
-50
-28
-52
29
-58
66
-63
86
-64
98
-128
102
-128
104
-128
104
-128
102
-128
99
-128
96
-128
94
-128
93
-128
93
-61
79
-51
30
-51
-30
-57
-76
-64
-102
-63
-116
-128
-124
-128
-128
-128
-128
-128
-126
-128
-124
-128
-121
-128
-119
-128
-119
-128
-117
-60
-91
-49
-33
-50
23
-57
65
-64
89
-64
99
-128
103
-128
104
-128
104
-128
102
-128
99
-128
96
-128
93
-128
93
-128
93
-63
81
-50
34
-50
-24
-57
-72
-64
-101
-63
-118
-128
-125
-128
-127
-128
-128
-128
-127
-128
-125
-128
-122
-128
-120
-128
-118
-128
-117
-66
-93
-50
-36
-49
19
-57
60
-63
85
-63
97
-128
103
-128
104
-128
104
-128
103
-128
100
-128
96
-128
94
-128
93
-128
93
-68
83
-51
36
-49
-21
-56
-67
-64
-98
-63
-115
-128
-124
-128
-128
-128
-128
-128
-127
-128
-125
-128
-122
-128
-120
-128
-119
-128
-118
-69
-96
-49
-38
-48
20
-55
60
-64
83
-64
96
-127
101
-128
103
-128
104
-128
103
-128
100
-128
97
-128
94
-128
94
-128
93
-74
83
-51
43
-50
-19
-55
-68
-63
-98
-63
-114
-117
-123
-128
-127
-128
-128
-128
-128
-128
-125
-128
-122
-128
-120
-128
-120
-128
-118
-77
-96
-51
-42
-49
11
-55
57
-62
83
-63
95
-109
101
-128
103
-128
105
-128
103
-128
101
-128
97
-128
94
-128
93
-128
93
-81
85
-52
42
-49
-15
-54
-59
-62
-95
-63
-114
-99
-123
-128
-126
-128
-128
-128
-127
-128
-125
-128
-123
-128
-120
-128
-119
-128
-118
-84
-98
-51
-42
-49
14
-54
56
-62
79
-64
95
-92
102
-128
105
-128
105
-128
103
-128
101
-128
97
-128
94
-128
93
-128
93
-89
85
-53
42
-50
-17
-54
-64
-61
-95
-63
-110
-85
-122
-128
-127
-128
-128
-128
-127
-128
-125
-128
-122
-128
-121
-128
-120
-128
-119
-92
-99
-53
-44
-49
15
-53
58
-60
82
-63
95
-81
100
-128
103
-128
104
-128
103
-128
101
-128
98
-128
94
-128
93
-128
94
-97
87
-55
47
-50
-14
-52
-64
-60
-97
-62
-113
-75
-122
-128
-126
-128
-128
-128
-127
-128
-125
-128
-122
-128
-120
-128
-119
-128
-118
-102
-100
-54
-46
-49
11
-50
55
-60
82
-64
96
-71
102
-128
103
-128
103
-128
103
-128
101
-128
98
-128
95
-128
93
-128
93
-109
87
-56
45
-49
-14
-52
-62
-59
-96
-63
-115
-66
-123
-128
-127
-128
-128
-128
-126
-128
-125
-128
-122
-128
-120
-128
-119
-128
-118
-115
-101
-57
-45
-51
15
-51
57
-58
81
-64
95
-65
102
-128
103
-128
105
-128
103
-128
100
-128
97
-128
94
-128
94
-128
94
-121
88
-58
49
-51
-12
-52
-65
-58
-96
-63
-112
-64
-122
-128
-127
-128
-128
-128
-127
-128
-125
-128
-121
-128
-120
-128
-119
-128
-118
-127
-103
-58
-51
-49
9
-50
55
-58
84
-64
97
-65
102
-128
104
-128
105
-128
104
-128
101
-128
98
-128
95
-128
94
-128
93
-128
88
-61
50
-51
-9
-50
-61
-57
-95
-64
-115
-64
-123
-128
-127
-128
-128
-128
-128
-128
-126
-128
-123
-128
-120
-128
-118
-128
-118
-128
-102
-62
-51
-50
6
-49
53
-57
81
-63
95
-63
102
-128
104
-128
105
-128
103
-128
101
-128
98
-128
95
-128
94
-128
94
-128
89
-64
51
-50
-8
-50
-58
-56
-92
-64
-113
-63
-123
-128
-128
-128
-128
-128
-127
-128
-125
-128
-123
-128
-121
-128
-119
-128
-119
-128
-104
-64
-51
-49
8
-48
53
-56
78
-64
94
-63
101
-128
104
-128
105
-128
104
-128
101
-128
99
-128
95
-128
94
-128
94
-128
89
-68
54
-50
-7
-49
-61
-55
-94
-63
-111
-62
-122
-128
-127
-128
-128
-128
-128
-128
-126
-128
-123
-128
-121
-128
-120
-128
-119
-128
-104
-69
-53
-50
2
-49
52
-56
81
-63
95
-64
101
-128
103
-128
105
-128
104
-128
101
-128
98
-128
95
-128
94
-128
94
-128
89
-72
52
-51
-5
-49
-53
-55
-91
-63
-113
-63
-122
-122
-127
-128
-128
-128
-128
-128
-126
-128
-124
-128
-121
-128
-119
-128
-119
-128
-104
-73
-53
-50
5
-48
51
-55
76
-64
94
-64
102
-116
105
-128
105
-128
104
-128
101
-128
98
-128
95
-128
94
-128
94
-128
89
-77
51
-52
-8
-50
-59
-54
-91
-62
-109
-62
-121
-108
-127
-128
-128
-128
-128
-128
-126
-128
-123
-128
-121
-128
-120
-128
-119
-128
-105
-81
-53
-52
8
-49
53
-55
79
-62
94
-63
99
-101
103
-128
105
-128
103
-128
101
-128
99
-128
95
-128
94
-128
94
-128
90
-83
55
-52
-6
-49
-60
-54
-94
-62
-112
-62
-121
-53
71
-49
89
-54
97
-61
101
-63
103
-88
103
-128
101
-128
99
-128
95
-128
94
-128
93
-128
92
-128
105
-128
103
-128
102
-128
98
-128
95
-128
95
-128
94
-128
90
-117
53
-57
-5
-50
-56
-51
-92
-58
-112
-62
-123
-65
-128
-128
-128
-128
-128
-128
-126
-128
-123
-128
-121
-128
-120
-128
-119
-128
-105
-122
-53
-57
7
-49
53
-50
79
-58
94
-64
102
-65
104
-128
106
-128
104
-128
102
-128
98
-128
95
-128
94
-128
94
-128
89
-128
55
-60
-6
-51
-60
-50
-94
-57
-111
-63
-122
-63
-127
-128
-128
-128
-128
-128
-127
-128
-123
-128
-121
-128
-120
-128
-120
-128
-105
-128
-55
-60
-1
-49
50
-51
79
-56
94
-64
101
-63
103
-128
105
-128
104
-128
102
-128
99
-128
96
-128
94
-128
94
-128
90
-128
54
-62
-2
-50
-52
-51
-91
-56
-113
-63
-122
-63
-127
-128
-128
-128
-128
-128
-127
-128
-124
-128
-121
-128
-120
-128
-119
-128
-106
-128
-55
-62
3
-49
50
-49
76
-57
95
-64
102
-63
105
-128
106
-128
104
-128
102
-128
98
-128
95
-128
94
-128
93
-128
89
-128
52
-65
-8
-51
-58
-49
-92
-56
-109
-63
-122
-63
-127
-128
-128
-128
-128
-128
-126
-128
-123
-128
-121
-128
-121
-128
-120
-128
-106
-128
-54
-67
6
-50
53
-49
79
-55
94
-63
100
-63
103
-128
105
-128
104
-128
102
-128
99
-128
95
-128
94
-128
94
-128
91
-128
55
-69
-6
-51
-60
-49
-94
-55
-112
-63
-122
-62
-125
-128
-128
-128
-128
-128
-126
-128
-123
-128
-121
-128
-120
-128
-120
-128
-105
-128
-54
-70
3
-49
52
-48
80
-55
95
-63
102
-63
103
-123
104
-128
104
-128
102
-128
99
-128
95
-128
94
-128
94
-128
90
-128
51
-74
-7
-52
-57
-49
-93
-55
-113
-63
-123
-63
-127
-115
-128
-128
-127
-128
-126
-128
-123
-128
-121
-128
-120
-128
-119
-128
-105
-128
-53
-77
8
-51
54
-49
79
-54
95
-62
101
-64
104
-110
105
-128
103
-128
101
-128
98
-128
95
-128
94
-128
94
-128
89
-128
52
-80
-9
-51
-62
-49
-95
-54
-112
-62
-123
-63
-127
-103
-128
-128
-128
-128
-125
-128
-123
-128
-121
-128
-120
-128
-119
-128
-105
-128
-55
-81
6
-50
54
-49
83
-54
96
-63
102
-64
104
-97
106
-128
105
-128
102
-128
98
-128
95
-128
93
-128
93
-128
89
-128
54
-84
-5
-52
-59
-49
-95
-53
-115
-61
-124
-63
-127
-91
-128
-128
-128
-128
-127
-128
-123
-128
-121
-128
-119
-128
-119
-128
-105
-128
-54
-88
3
-52
51
-49
79
-52
95
-61
102
-62
104
-88
104
-128
103
-128
101
-128
99
-128
95
-128
94
-128
94
-128
89
-128
53
-91
-5
-53
-56
-49
-92
-53
-113
-60
-123
-62
-128
-82
-128
-128
-128
-128
-126
-128
-124
-128
-121
-128
-120
-128
-119
-128
-105
-128
-56
-94
5
-52
51
-48
78
-52
94
-60
102
-63
104
-79
105
-128
104
-128
102
-128
99
-128
95
-128
94
-128
94
-128
90
-128
57
-97
-4
-55
-58
-50
-92
-52
-111
-60
-122
-63
-127
-74
-128
-128
-128
-128
-126
-128
-123
-128
-121
-128
-120
-128
-120
-128
-106
-128
-58
-102
-2
-54
50
-49
79
-52
94
-59
101
-63
103
-71
104
-128
104
-128
102
-128
99
-128
95
-128
94
-128
94
-128
90
-128
55
-107
-1
-55
-50
-50
-90
-52
-112
-58
-122
-63
-126
-69
-128
-128
-128
-128
-126
-128
-124
-128
-121
-128
-119
-128
-119
-128
-107
-128
-57
-111
1
-54
48
-48
74
-51
94
-59
102
-63
105
-67
105
-128
104
-128
102
-128
98
-128
95
-128
94
-128
94
-128
90
-128
55
-121
-5
-65
-56
-57
-91
-55
-108
-55
-121
-56
-127
-61
-128
-128
-128
-128
-126
-128
-123
-128
-121
-128
-121
-128
-120
-128
-107
-128
-58
-120
3
-58
51
-50
77
-51
93
-58
100
-63
103
-64
104
-128
104
-128
102
-128
99
-128
95
-128
94
-128
94
-128
91
-128
58
-126
-2
-59
-57
-52
-92
-54
-112
-60
-121
-65
-125
-63
-128
-128
-128
-128
-126
-128
-124
-128
-121
-128
-120
-128
-120
-128
-108
-128
-59
-128
-1
-59
49
-49
78
-50
94
-58
101
-64
103
-64
104
-128
104
-128
102
-128
99
-128
96
-128
94
-128
94
-128
91
-128
57
-128
-2
-62
-53
-52
-91
-51
-112
-57
-122
-64
-126
-64
-128
-128
-127
-128
-126
-128
-124
-128
-121
-128
-120
-128
-119
-128
-108
-128
-60
-128
2
-62
48
-50
74
-50
92
-56
99
-63
102
-63
104
-128
103
-128
101
-128
98
-128
95
-128
93
-128
92
-128
90
-128
58
-128
-1
-63
-56
-50
-91
-49
-110
-56
-122
-63
-127
-62
-128
-128
-127
-128
-126
-128
-123
-128
-120
-128
-120
-128
-119
-128
-110
-128
-64
-128
-4
-63
47
-48
78
-49
94
-57
101
-64
103
-63
104
-128
103
-128
100
-128
97
-128
93
-128
92
-128
91
-128
89
-128
60
-128
3
-66
-52
-50
-90
-49
-112
-55
-122
-62
-126
-62
-128
-128
-128
-128
-126
-128
-123
-128
-120
-128
-119
-128
-118
-128
-110
-128
-65
-128
-6
-68
43
-50
74
-48
92
-55
100
-62
102
-63
103
-128
102
-128
100
-128
97
-128
94
-128
93
-128
92
-128
90
-107
-61
-128
-93
-128
-112
-128
-123
-128
-127
-128
-128
-128
-127
-128
-125
-128
-122
-81
-120
-52
-119
-50
-118
-54
-104
-62
-53
-63
7
-100
55
-128
82
-128
95
-128
102
-128
104
-128
105
-128
104
-128
101
-128
98
-84
94
-50
94
-47
93
-53
89
-62
53
-64
-7
-95
-60
-128
-95
-128
-114
-128
-122
-128
-127
-128
-128
-128
-127
-128
-125
-128
-122
-87
-120
-53
-119
-50
-118
-54
-105
-61
-55
-63
5
-88
51
-128
79
-128
95
-128
101
-128
103
-128
103
-128
103
-128
100
-128
97
-90
93
-53
91
-49
92
-53
89
-61
55
-63
-2
-84
-55
-128
-91
-128
-111
-128
-122
-128
-127
-128
69
-128
14
-92
-43
-55
-83
-50
-105
-54
-118
-61
-123
-64
-127
-84
-128
-128
-126
-128
-123
-128
-120
-128
-119
-128
-118
-128
-114
-128
-75
-128
-17
-95
36
-53
71
-48
90
-52
99
-62
101
-65
103
-81
103
-128
101
-128
99
-128
95
-128
94
-128
93
-128
93
-128
70
-128
15
-101
-38
-57
-81
-52
-106
-54
-119
-61
-124
-65
-127
-76
-126
-128
-126
-128
-124
-128
-120
-128
-119
-128
-118
-128
-115
-128
-76
-128
-14
-103
37
-57
69
-51
89
-54
99
-62
102
-65
103
-73
103
-128
101
-128
99
-128
95
-128
93
-128
93
-128
93
-128
71
-128
17
-110
-41
-58
-81
-53
-103
-54
-118
-60
-125
-65
-128
-70
-127
-128
-125
-128
-123
-128
-121
-128
-119
-128
-118
-128
-115
-128
-80
-128
-21
-113
35
-57
71
-51
91
-53
99
-60
103
-66
105
-70
104
-128
102
-128
99
-128
95
-128
93
-128
93
-128
92
-128
73
-128
21
-118
-37
-59
-81
-52
-106
-52
-119
-59
-124
-65
-127
-66
-128
-128
-126
-128
-124
-128
-120
-128
-119
-128
-118
-128
-116
-128
-81
-128
-23
-123
31
-59
68
-50
89
-51
99
-59
103
-65
103
-65
103
-128
102
-128
99
-128
96
-128
94
-128
93
-128
93
-128
75
-128
25
-127
-32
-60
-76
-51
-103
-51
-118
-58
-125
-64
-128
-64
-128
-128
-126
-128
-124
-128
-121
-128
-120
-128
-118
-128
-115
-128
-83
-128
-24
-128
30
-59
66
-48
87
-50
98
-57
103
-65
105
-64
104
-128
102
-128
99
-128
96
-128
94
-128
93
-128
93
-128
77
-128
26
-128
-33
-61
-76
-50
-101
-49
-117
-56
-124
-63
-128
-62
-128
-128
-127
-128
-124
-128
-121
-128
-120
-128
-119
-128
-116
-128
-86
-128
-31
-128
27
-62
67
-49
87
-49
97
-56
102
-63
103
-62
104
-128
103
-128
100
-128
96
-128
94
-128
93
-128
93
-128
78
-128
30
-128
-24
-63
-73
-49
-102
-48
-116
-55
-124
-62
-127
-61
-128
-128
-127
-128
-125
-128
-121
-128
-120
-128
-119
-128
-117
-128
-88
-128
-31
-128
23
-63
60
-47
86
-48
99
-54
103
-62
104
-62
105
-128
103
-128
99
-128
96
-128
94
-128
93
-128
93
-128
78
-128
29
-128
-28
-68
-71
-51
-97
-49
-115
-55
-124
-62
-127
-62
-128
-128
-126
-128
-125
-128
-122
-128
-120
-128
-119
-128
-117
-128
-89
-128
-30
-128
25
-70
63
-50
84
-49
95
-56
101
-64
103
-64
103
-128
102
-128
100
-128
97
-128
94
-128
94
-128
94
-128
81
-128
32
-128
-28
-72
-72
-51
-100
-49
-115
-55
-122
-63
-127
-63
-128
-124
-127
-128
-124
-128
-121
-128
-120
-128
-119
-128
-118
-128
-92
-128
-36
-128
23
-72
63
-49
86
-48
97
-54
101
-63
103
-63
104
-120
102
-128
100
-128
97
-128
94
-128
94
-128
94
-128
82
-128
35
-128
-22
-75
-70
-50
-101
-49
-117
-54
-123
-62
-127
-63
-127
-113
-126
-128
-124
-128
-121
-128
-120
-128
-119
-128
-118
-128
-93
-128
-34
-128
22
-78
61
-50
85
-49
97
-54
102
-62
104
-62
105
-108
102
-128
100
-128
97
-128
95
-128
94
-128
94
-128
83
-128
36
-128
-25
-80
-70
-51
-98
-49
-115
-53
-124
-61
-128
-62
-128
-101
-127
-128
-124
-128
-121
-128
-120
-128
-119
-128
-117
-128
-96
-128
-39
-128
21
-82
63
-49
86
-48
97
-53
103
-62
105
-63
105
-96
103
-128
100
-128
97
-128
94
-128
93
-128
93
-128
84
-128
40
-128
-20
-86
-69
-52
-101
-49
-117
-53
-123
-61
-127
-62
-128
-89
-128
-128
-125
-128
-122
-128
-119
-128
-119
-128
-119
-128
-97
-128
-42
-128
15
-89
59
-52
84
-49
97
-53
102
-61
103
-63
104
-86
103
-128
100
-128
97
-128
94
-128
93
-128
93
-128
86
-128
43
-128
-15
-92
-64
-53
-98
-49
-116
-53
-124
-60
-127
-63
-128
-81
-128
-128
-126
-128
-123
-128
-120
-128
-119
-128
-118
-128
-99
-128
-42
-128
14
-95
55
-53
81
-48
96
-52
102
-60
104
-63
105
-78
103
-128
101
-128
97
-128
94
-128
94
-128
94
-128
86
-128
43
-128
-17
-99
-64
-55
-95
-50
-113
-52
-123
-59
-127
-63
-128
-73
-128
-128
-125
-128
-122
-128
-121
-128
-120
-128
-119
-128
-100
-128
-49
-128
12
-104
57
-55
82
-49
95
-52
101
-59
103
-63
104
-70
103
-128
101
-128
98
-128
95
-128
94
-128
94
-128
87
-128
47
-128
-7
-108
-61
-57
-97
-51
-114
-52
-122
-59
-126
-63
-128
-68
-127
-128
-126
-128
-123
-128
-120
-128
-120
-128
-119
83
-108
90
56
58
-6
-83
51
-97
78
124
-126
-128
98
120
17
-99
56
-64
-128
112
-97
-16
94
113
-119
-99
-128
-112
117
-12
-128
-128
-128
-128
-128
-126
-128
-124
-94
-121
-54
-119
-49
-118
-53
-106
-60
-57
-64
3
-79
49
-128
78
-128
95
-128
101
-128
103
-128
105
-128
104
-128
101
-128
97
-100
93
-52
91
-45
91
-49
88
-60
54
-65
-6
-77
-56
-128
-89
-128
-109
-128
-121
-128
-126
-128
-128
-128
-128
-128
-126
-128
-123
-102
-121
-56
-120
-50
-119
-53
-106
-60
-62
-63
2
-72
51
-128
78
-128
94
-128
100
-128
103
-128
104
-128
103
-128
101
-128
-128
-110
-128
-57
-128
-51
-128
-52
-128
-59
-128
-64
-128
-68
-128
-128
-128
-128
-128
-128
-128
-128
-128
-128
127
-128
-128
-128
-128
-128
-128
-116
-121
-57
-120
-50
-119
-51
-112
-58
-69
-63
-11
-66
37
-128
73
-128
93
-128
101
-128
104
-128
105
-128
104
-128
102
-128
99
-121
95
-57
94
-49
93
-50
91
-58
65
-64
8
-65
-44
-128
-80
-128
-106
-128
-120
-128
-126
-128
-128
-128
-128
-128
-126
-128
-124
-126
-122
-60
-120
-51
-119
-51
-113
-58
-69
-64
-9
-64
41
-128
72
-128
88
-128
98
-128
103
-128
104
-128
104
-128
102
-128
99
-128
95
-62
94
-52
94
-52
93
-58
67
-64
10
-65
-44
-128
-83
-128
-106
-128
-117
-128
-125
-128
-128
-128
-128
-128
-126
-128
-124
-128
-121
-64
-120
-52
-120
-52
-114
-58
-75
-65
-13
-65
39
-128
73
-128
91
-128
99
-128
102
-128
103
-128
103
-128
102
-128
99
-128
96
-65
94
-52
94
-52
93
-58
69
-66
16
-66
-40
-128
-83
-128
-107
-128
-119
-128
-125
-128
-127
-128
-127
-128
-126
-128
-124
-128
-121
-68
-120
-52
-119
-52
-115
-59
-75
-66
-15
-66
35
-128
70
-128
90
-128
99
-128
102
-128
103
-128
104
-128
102
-128
100
-128
96
-70
94
-53
94
-52
93
-58
72
-66
16
-66
-39
-128
-79
-128
-106
-128
-120
-128
-126
-128
-128
-128
-128
-128
-126
-128
-124
-128
-121
-73
-120
-53
-119
-52
-115
-57
-80
-65
-19
-65
36
-127
71
-128
90
-128
100
-128
104
-128
106
-128
105
-128
102
-128
100
-128
96
-74
94
-50
93
-49
93
-56
73
-66
21
-66
-38
-120
-82
-128
-105
-128
-117
-128
-125
-128
-128
-128
-128
-128
-126
-128
-124
-128
-121
-77
-120
-53
-119
-51
-116
-56
-84
-64
-25
-64
31
-112
69
-128
90
-128
99
-128
103
-128
104
-128
104
-128
103
-128
100
-128
96
-80
94
-53
94
-51
94
-55
77
-63
28
-64
-30
-103
-76
-128
-104
-128
-119
-128
-125
-128
-128
-128
-128
-128
-127
-128
-125
-128
-122
-83
-120
-53
-118
-50
-117
-54
-86
-63
-29
-64
25
-96
65
-128
87
-128
98
-128
103
-128
104
-128
104
-128
103
-128
100
-128
97
-85
94
-51
93
-49
93
-53
79
-62
29
-64
-28
-91
-72
-128
-100
-128
-117
-128
-124
-128
-128
-128
-128
-128
-127
-128
-125
-128
-122
-88
-120
-53
-119
-49
-118
-53
-92
-61
-33
-63
25
-85
63
-128
85
-128
97
-128
102
-128
105
-128
105
-128
103
-128
100
-128
97
-93
95
-53
94
-49
93
-52
81
-59
38
-62
-23
-79
-72
-128
-99
-128
-115
-128
-123
-128
-127
-128
-128
-128
-128
-128
-125
-128
-122
-96
-120
-54
-119
-49
-118
-51
-95
-59
-40
-62
13
-74
60
-128
86
-128
97
-128
102
-128
105
-128
105
-128
103
-128
101
-128
97
-101
95
-52
93
-48
93
-50
83
-58
40
-63
-17
-71
-62
-128
-97
-128
-115
-128
-123
-128
-127
-128
-128
-128
-127
-128
-126
-128
-123
-105
-120
-55
-119
-49
-118
-51
-97
-58
-41
-62
15
-67
56
-128
79
-128
95
-128
101
-128
103
-128
103
-128
103
-128
101
-128
98
-112
95
-55
94
-48
93
-50
86
-57
43
-62
-16
-65
-63
-128
-94
-128
-110
-128
-122
-128
-127
-128
-128
-128
-127
-128
-125
-128
-123
-119
-121
-56
-120
-49
-118
-49
-101
-56
-46
-62
13
-63
57
-128
81
-128
94
-128
100
-128
103
-128
105
-128
103
-128
101
-128
97
-126
95
-56
93
-48
93
-49
88
-126
50
-127
-11
-125
-63
-123
-96
-120
-113
-118
-122
-117
-125
-116
-128
-102
-127
-42
-125
22
-122
65
-120
89
-119
100
-119
104
-103
104
-51
105
6
102
53
100
81
96
95
92
101
92
103
92
103
89
103
46
101
-20
98
-71
95
-101
94
-117
94
-124
89
-127
51
-128
-8
-126
-57
-123
-93
-121
-113
-118
-123
-118
-126
-118
-128
-104
-127
-47
-125
19
-122
63
-120
86
-119
98
-118
102
-106
103
-57
103
6
102
52
100
79
97
95
93
103
92
105
93
106
90
104
53
101
-13
98
-67
94
-99
93
-116
93
-123
90
-126
57
-128
-3
-126
-58
-124
-92
-121
-110
-118
-122
-118
-127
-117
-128
-108
-128
-53
-126
14
-123
60
-120
86
-120
98
-119
103
-108
103
-62
104
-1
102
50
100
79
96
94
94
100
92
103
93
105
91
103
57
101
-8
98
-64
95
-98
94
-115
94
-123
92
-126
63
-127
5
-126
-50
-124
-90
-122
-112
-119
-122
-118
-126
-118
-128
-110
-128
-58
-126
10
-78
73
-67
-29
-97
127
63
-32
-114
-121
-128
-70
-127
-123
-128
-128
126
76
-1
74
21
40
21
87
-103
109
36
28
57
52
-33
67
-16
85
1
-113
-112
-122
-128
-113
-128
-68
123
31
-72
67
-105
86
38
-121
26
-66
-125
-1
-121
-98
-125
-88
-97
-65
127
-121
-96
-65
-2
-128
-118
4
-31
109
32
26
69
31
-126
58
-43
-54
-54
55
85
14
-43
65
127
-120
-104
-86
-33
-112
-1
111
99
78
-105
112
-21
121
-113
-16
-127
-36
-93
-121
-40
84
-70
-114
-65
-114
-125
96
-8
101
100
-48
-40
-60
-116
-59
-113
56
-105
41
22
-63
-99
-50
-66
90
-59
-101
-64
-112
-128
-89
-71
-128
-127
126
127
-33
-121
-17
-127
94
-98
49
20
-118
55
-105
-110
-37
21
-4
-117
93
-40
-78
-7
62
-9
-65
-128
-32
-121
-121
71
-24
-4
-4
36
-3
36
-80
106
101
-68
-66
-128
-61
-1
-128
-128
-13
-125
-122
-114
-100
-128
-96
-121
-95
-127
91
33
-49
-26
-57
102
-23
30
11
66
-69
-43
44
-65
73
-28
29
-4
-32
-65
-121
127
-61
-100
-34
109
-94
-128
126
-122
-49
-124
-94
-23
-41
-104
-102
-91
-127
-16
-65
-113
-126
-64
-128
-121
64
-125
-43
-109
-65
64
-65
-67
126
109
-10
-126
-60
-3
-71
-16
-112
-78
112
95
-4
-121
-125
-128
-128
-128
-128
-127
-97
-128
-98
-121
-121
-128
-8
-35
-122
-89
-64
35
-109
-107
-45
-26
75
-64
-99
-66
-59
-30
-4
-115
-121
-124
-100
-8
-99
-97
126
43
-72
-43
-63
-36
47
58
-127
44
-102
30
96
-26
63
12
-97
-37
44
-85
98
-122
32
17
75
-43
4
-26
-40
117
15
98
75
86
-82
102
20
50
37
50
-113
31
-97
-128
-96
-128
127
-63
-112
-4
115
125
-128
-62
-125
-112
105
90
37
54
90
-35
39
38
84
-93
84
67
58
-55
79
-5
38
42
-118
-21
29
27
58
-106
101
45
50
18
50
52
84
20
123
-41
66
-95
-61
86
50
4
-88
-80
-69
107
-41
-11
-30
-96
84
85
47
-22
85
-42
41
42
42
-106
18
85
52
26
-13
45
-18
-89
-33
24
-50
-127
89
-18
84
2
44
52
34
17
41
11
89
26
-108
112
-26
104
65
111
100
-83
51
45
48
84
-54
108
-78
-85
81
54
-108
85
-11
-59
19
45
-43
85
85
53
85
44
-20
111
-63
-4
-63
-16
126
69
79
119
127
42
112
-20
-105
-44
50
89
34
43
-43
-107
42
85
-60
10
100
36
46
126
59
122
8
42
20
8
7
54
44
42
109
2
82
108
33
42
10
74
-85
122
-41
22
-110
103
17
-126
-4
-4
-127
-106
112
127
113
19
69
41
36
53
-27
10
42
37
53
38
38
-43
23
41
20
45
-24
35
-19
-45
79
126
12
35
90
21
-37
42
-34
43
33
37
-125
-33
-25
-128
-105
21
-18
-51
82
-42
-85
28
113
-76
69
-118
-19
38
-85
-107
-107
69
50
-53
34
18
110
42
53
74
-27
85
12
-19
-30
-2
-70
123
27
-125
-1
102
98
35
-88
-21
70
10
42
45
45
42
90
40
7
-43
-93
-11
-90
87
1
-63
-76
26
-43
-121
-38
40
-99
52
-44
82
106
43
-71
37
42
42
53
-99
-93
-79
-76
-111
-74
-119
-86
-11
-93
-125
-126
81
119
-37
-110
-97
106
42
61
42
43
-91
23
26
54
21
53
37
21
85
73
21
-14
44
-3
-35
68
56
57
-84
90
-43
-19
85
34
58
-44
122
-6
-47
-3
-128
86
-115
5
-93
57
47
-81
25
35
-25
107
-116
-88
43
-37
-124
-10
58
-36
37
62
58
-54
85
-83
53
34
-86
-114
-50
-77
-128
88
-115
63
-97
0
-125
-26
111
-3
103
-24
79
-44
40
52
42
-23
21
97
42
12
-82
124
-71
-67
-103
-65
-65
105
-110
-25
-40
-64
-56
-42
34
-87
11
-43
49
115
20
-28
-42
-2
-75
-1
-123
-8
-65
-65
-4
-65
-121
-64
65
125
-113
-63
0
-128
26
-96
74
-43
42
76
84
106
-110
60
123
-29
50
95
40
-28
127
117
-3
71
-4
-98
-113
7
-121
-109
94
-67
-128
-1
-1
-113
-128
96
-128
-128
-128
97
-125
-128
-122
-127
-128
-128
-65
-128
-128
-101
-121
-128
78
-112
65
-72
68
-101
-79
8
-5
121
-32
16
-82
-113
-128
103
-72
125
-127
0
-81
-128
-16
-96
-1
124
-128
127
-128
-123
-67
-18
-36
123
-88
11
-50
-128
-1
-120
-128
120
127
99
-125
-46
72
58
100
100
121
18
91
-24
118
77
-80
-40
-92
94
-33
96
-2
-128
64
126
-128
63
-125
116
-114
-1
-72
24
-121
-91
-128
-55
-86
41
-27
114
61
97
96
-94
-96
-28
-13
-95
-61
-80
-75
-72
-66
103
-64
126
64
127
-97
-22
-114
-19
86
-6
0
-86
124
112
-65
-67
127
-128
64
112
-116
-113
-1
-113
-89
-90
-125
-2
127
101
-71
-38
-99
-12
-46
-9
-40
105
84
78
-5
-26
120
-45
34
-24
-65
-97
125
112
49
124
127
-33
67
92
114
-66
-68
-89
-128
-43
-79
-57
-41
-11
